MergeSort QuickSort TimSort OESM Cook_Kim InsertionSort LIS BothAlgo2 TwoMomentSort DDS LIS_small BothAlgo_small DirtyClean4 TwoMomentSort_small 
14 21 30
120503 120475 120475 120477 120470 120566 120505 120509 120493 120453 120461 120531 120510 120464 120467 120372 120472 120502 120428 120462 120506 120452 120454 120421 120550 120340 120410 120523 120490 120458 
82086 81658 81694 82016 81851 81859 82307 82155 81729 82161 82060 81944 81938 81736 82286 82067 82507 81737 82121 82088 82118 81770 82269 82015 82109 81912 82239 81863 82247 81955 
77995 78071 77883 78064 77994 78018 77989 78219 78173 78077 78362 77843 78151 78183 78166 78094 77973 77867 78075 78064 78090 78007 78039 77630 77710 77885 78286 78025 77683 78120 
76062 76089 76127 76095 75882 76021 75957 75968 75947 76123 75871 75879 76110 75840 76080 76060 76266 76014 75912 76096 75914 76078 76081 75993 76073 75970 75825 76050 75823 75982 
74496 74700 74699 74923 74798 74706 74860 74606 74785 74573 74635 74594 74794 74902 74653 74808 74800 74742 74593 74848 74710 74693 74747 74742 74640 74724 74804 74537 74716 74571 
73714 73916 73892 73831 73723 73813 73895 73855 73786 73818 73875 73831 73844 73658 73999 73739 73822 73875 73727 73872 73760 73861 73889 73694 73804 73642 73835 73699 74027 73810 
73185 73261 73254 73109 73202 73388 73077 73077 73069 73324 73167 73276 73118 73154 73210 73167 73022 73254 73374 73237 73250 73055 73143 73222 73401 73286 73038 73097 73207 73202 
72653 72628 72565 72677 72669 72754 72666 72762 72821 72683 72584 72703 72585 72691 72688 72803 72608 72677 72773 72624 72799 72722 72631 72712 72568 72620 72672 72531 72618 72602 
72204 72241 72138 72253 72245 72219 72302 72164 72339 72356 72444 72317 72249 72218 72232 72123 72361 72210 72203 72245 72208 72209 72285 72355 72291 72342 72283 72282 72329 72220 
71891 71880 72020 71831 71884 71984 71857 72003 71968 71942 71971 71956 71978 71857 71851 71909 71856 71993 71969 71998 71926 71878 71986 71998 71861 71959 71993 72013 71905 71832 
71685 71585 71737 71660 71669 71733 71683 71651 71628 71622 71627 71696 71768 71648 71601 71635 71730 71615 71707 71764 71733 71611 71688 71703 71621 71619 71687 71671 71610 71621 
71372 71373 71419 71521 71512 71463 71385 71412 71351 71397 71404 71539 71443 71471 71394 71496 71497 71485 71456 71503 71538 71482 71412 71508 71484 71428 71323 71400 71406 71301 
71286 71268 71230 71420 71289 71195 71237 71319 71181 71150 71195 71291 71230 71246 71250 71248 71200 71202 71264 71254 71221 71191 71294 71194 71259 71304 71269 71230 71347 71242 
71073 71070 70976 71067 71036 71245 71142 71008 71022 71128 71084 71001 71075 71100 71089 71159 71161 71043 71124 71149 71022 71060 70980 71130 71070 71034 71125 71069 71094 71091 
70802 70954 70939 70972 70984 70957 70914 70894 70989 70913 70888 70926 70922 70889 70923 70926 70918 70903 70920 70917 70901 70994 70861 70918 70913 70893 70895 70991 70991 70965 
70815 70728 70827 70829 70819 70738 70745 70768 70853 70762 70704 70781 70849 70700 70867 70723 70862 70821 70760 70737 70860 70882 70849 70837 70769 70723 70791 70720 70817 70777 
70699 70668 70681 70646 70712 70694 70564 70640 70642 70645 70676 70721 70640 70679 70777 70681 70640 70657 70665 70735 70572 70707 70632 70635 70739 70701 70721 70663 70625 70714 
70565 70642 70567 70524 70494 70646 70584 70571 70617 70600 70622 70639 70600 70629 70614 70541 70646 70617 70500 70513 70517 70536 70581 70646 70505 70590 70592 70641 70543 70513 
70499 70487 70550 70481 70464 70548 70512 70441 70412 70501 70530 70427 70469 70509 70492 70489 70494 70535 70491 70539 70487 70486 70442 70507 70572 70375 70485 70508 70453 70497 
70377 70471 70456 70372 70495 70378 70358 70406 70429 70407 70344 70426 70462 70390 70435 70422 70484 70362 70444 70440 70454 70369 70373 70346 70394 70350 70426 70398 70427 70380 
70319 70294 70270 70415 70455 70314 70317 70303 70361 70333 70314 70325 70342 70364 70385 70335 70297 70342 70342 70366 70341 70398 70362 70386 70356 70343 70335 70338 70313 70299 
153869 157724 165682 152156 161006 159296 165955 165039 157860 158145 151439 149278 152421 147765 148934 163742 157887 160450 160925 156344 151128 152004 165232 158497 156047 163697 159578 149752 151409 171273 
151663 158769 154260 151073 153284 166945 150267 159816 164280 166134 157942 173715 156452 156426 154439 155141 150785 168776 155304 159547 166758 150248 164460 162130 153925 157013 156999 152751 152897 149395 
156415 156438 171073 155816 161439 162816 158201 147359 149321 149658 165573 154054 163533 153183 151635 165458 165233 152291 151650 152322 157587 158825 156005 155190 146825 148917 144915 157784 150157 162199 
155405 153521 153913 155142 150204 155872 152440 168792 165851 162542 156263 157139 152232 155236 158095 156241 150406 148974 145748 147147 151836 149767 151650 157676 154770 152256 158908 160549 161502 152839 
152922 149424 159290 155139 156302 152982 160968 154447 146175 156290 156360 170477 166732 161476 148964 151694 160544 164647 154762 144947 148013 145795 155884 169636 158956 158378 154510 159656 159353 159968 
150852 149421 150846 150126 158150 151233 149183 156632 145972 163077 157057 155599 156486 159033 151715 148607 155396 158869 162387 155088 148289 153966 155243 148522 157973 152778 150778 155877 151796 150010 
154804 164314 152087 148374 151286 155757 149219 150956 158239 158857 146665 172189 155216 163275 152026 151954 166072 149929 154615 148358 167086 156809 154037 151540 150710 153286 151096 154126 155538 144977 
154343 155370 158499 157456 157116 146575 154979 155416 155502 148027 148440 164522 156171 151805 165272 157217 163554 150970 153698 154979 159821 148895 155300 152846 148546 178625 149034 153620 153940 153672 
151138 154688 149251 166517 156683 161774 154668 147624 159230 170566 151718 160239 159960 148668 158151 157045 151328 150846 159769 162810 153182 163059 158446 155772 144023 150396 153856 149822 159618 162069 
151500 144976 156253 157403 161697 146601 156367 163850 148959 152489 151127 158440 154371 158041 162985 153456 156791 164962 166798 154517 157971 167498 153980 150242 161509 152987 154367 164671 151342 162073 
159018 175826 153477 154618 157704 156092 157865 155574 155369 161375 146399 155904 155071 158237 155435 162645 157942 153145 150078 163382 179269 166163 150823 163199 148856 152495 146525 152533 149491 152336 
159154 154200 153162 155127 153204 162179 155565 153762 149908 156046 151390 153263 148916 148534 153438 156238 160182 153400 147151 173841 159320 155120 163062 152385 152926 162939 151351 148377 171705 148018 
157983 152422 159090 156903 154495 157012 152602 154017 151749 146809 158855 156307 166575 162866 168795 154058 148220 172920 159787 157190 151346 152869 159663 165213 161788 147992 148328 158562 150470 162130 
147713 148709 151527 161348 161952 161494 154225 154033 150164 160386 152313 158126 157480 151095 150529 163044 158792 144506 155441 155063 158326 156939 151502 163684 163034 154250 155629 146325 148237 165635 
154613 153955 145755 151550 157161 151244 155132 166020 150684 153165 153847 155125 151356 146331 150868 155708 155477 141330 147321 156439 158100 147471 153431 158385 162515 154967 154504 152723 157106 151524 
155915 156268 164564 149986 153408 153202 161314 152641 164126 152838 155952 158375 173159 156602 153124 147100 159942 154520 157330 160840 154804 164022 153868 164225 150700 149506 158689 171356 151543 150255 
144976 154545 158329 150429 164707 156775 160050 152285 154057 166179 159434 145450 162176 164936 151733 157004 154087 147812 161100 145677 149267 153117 149125 153745 156254 154266 155991 151401 153954 171181 
155988 173878 162147 156553 157559 162468 153055 153352 161128 165989 161659 156497 156493 158186 158622 153773 156045 147725 150319 150669 158224 150687 157376 154267 155888 151674 151343 162227 161030 163363 
152684 155551 159034 145034 160514 175746 160724 149872 163235 154585 155322 166627 152184 158330 151540 158633 149026 148463 155208 154085 165923 148193 148422 161947 153002 155100 162696 146902 157489 151214 
158300 161610 155621 172215 149520 160086 153023 160776 162135 149967 157964 155666 160403 171690 148344 168845 166206 163414 147883 145148 157092 151697 153069 155049 153262 166644 162124 159466 161293 156372 
161218 149875 148563 155232 153668 152371 157865 147068 150016 162298 145334 160808 163391 156719 153832 161547 150971 154274 167425 159128 150404 150903 168253 152829 151114 154216 155391 164932 160262 165016 
172612 172700 171858 172300 171326 172417 171702 172080 172608 172569 172198 172780 172275 171999 171894 172329 172212 172012 171355 170962 171995 171637 172015 172038 172185 171879 171950 171504 172029 171733 
109816 108137 108157 108252 107931 108661 109475 109798 107521 108035 108925 106251 107634 107148 109398 108274 108462 107425 109099 109177 107846 108475 109591 108842 109835 107433 109229 107696 109211 108727 
91143 91655 92123 92515 91861 91940 92238 93643 91694 91475 91715 90912 91646 91620 91621 91530 91028 92487 91549 90825 91293 92407 92685 89608 91496 90773 92997 91393 89913 92464 
82811 82525 82853 81778 82199 82181 82153 81937 82043 82809 81974 81814 82357 81920 83506 81845 82745 81662 82051 81920 82482 82385 82381 82722 81592 82304 81636 82636 82484 81757 
75509 76415 76179 77055 76527 76842 76279 76380 76788 76720 76656 76521 76939 77397 76163 77043 76761 76908 75783 76594 76310 76605 77215 77057 75824 76346 76718 76426 76353 76761 
72266 73026 73338 73338 72758 72254 72809 73388 73089 72437 72654 72775 72337 72503 73288 72743 72563 72575 72514 72826 72239 72517 72842 71889 72767 72495 72787 72437 73341 72611 
70454 70516 70330 69849 69749 70802 69627 70089 69959 70121 70205 70140 70292 70356 70264 69919 69955 70477 70629 69809 70171 69772 69992 69871 70685 70590 69840 69976 70648 69877 
68258 68184 67959 68311 68080 68322 68059 68150 68380 68646 68331 68087 68037 68497 68301 68532 68143 68411 68370 68322 68542 67981 68269 68344 67942 68477 68482 68039 67985 68292 
66470 66624 66561 66403 66602 66553 66489 66537 66947 66752 66965 66519 66741 66340 66745 66235 66807 66599 66366 66620 66303 66577 66544 66732 66210 66922 66724 66633 66621 66593 
65248 65294 65817 65137 65429 65540 65066 65465 65619 65174 65516 65447 65367 65277 65152 65457 64898 65394 65307 65524 65561 65099 65587 65338 65216 65371 65682 65627 64985 65474 
64497 64540 64455 64249 64285 64349 64313 64618 64381 64444 64409 64466 64458 64387 64367 64616 64577 64404 64494 64521 64560 64657 64460 64466 64431 64184 64329 64360 64245 64431 
63494 63424 63685 63552 63518 63688 63783 63647 63709 63489 63613 64013 63631 63731 63543 63930 63625 63946 63649 63694 63842 63689 63797 63833 63739 63749 63594 63536 63496 63411 
62968 62930 63081 63238 63091 62793 62811 62982 62707 62852 62891 63004 63039 63010 63042 63066 63074 63070 62927 62937 62919 62819 63124 62969 62892 63022 62972 63119 63113 62994 
62254 62480 62361 62471 62401 62692 62525 62370 62410 62457 62573 62396 62521 62632 62492 62629 62735 62289 62576 62690 62143 62468 62149 62544 62443 62305 62647 62597 62361 62499 
61662 62037 61838 61968 61943 62162 61910 61857 62125 61780 61811 61849 61788 61837 61944 61932 61946 61736 61862 61747 61813 62153 61809 61895 61881 61845 61688 62012 62066 62078 
61609 61317 61457 61499 61391 61353 61416 61530 61612 61466 61216 61434 61647 61297 61589 61388 61502 61412 61343 61389 61517 61574 61426 61522 61351 61262 61444 61306 61564 61463 
61087 61213 60928 60994 61254 61104 60953 61123 61092 61041 61100 61150 61123 61179 61172 61021 61027 61160 61140 61245 61008 61006 61049 60983 60984 61154 61113 61169 61069 61052 
60798 60700 60848 60770 60637 60889 60934 60761 60748 60784 60842 60943 60782 60770 60728 60822 60850 60753 60692 60737 60567 60728 60765 60968 60664 60836 60743 60919 60807 60520 
60522 60354 60431 60565 60510 60627 60409 60364 60384 60464 60438 60310 60577 60631 60355 60527 60471 60575 60522 60567 60382 60456 60467 60461 60666 60264 60461 60634 60350 60662 
60312 60367 60421 60265 60271 60200 60286 60172 60167 60173 60096 60295 60220 60316 60245 60230 60395 60277 60325 60326 60323 60290 60162 60143 60260 60206 60277 60277 60407 60094 
60048 59976 59955 60076 60158 59929 60073 59914 60074 59986 60064 59970 59991 59951 60154 59986 60007 60150 60072 59991 60059 60036 60125 60023 59924 60119 60083 60103 59999 60046 
126069 125990 126057 126126 126093 126122 126083 125976 126191 126033 126153 126060 125989 126101 126089 126251 126045 126016 126015 126110 126069 126092 126000 125974 126055 126181 125990 126068 126095 125994 
94233 93242 93332 93580 93250 92815 94883 95167 93804 93076 93248 93591 93767 92556 93747 92826 94566 93570 93786 93817 93238 93467 94203 94185 93791 93418 93657 93071 93484 94654 
88015 87533 87884 88695 88273 87694 88387 88903 88194 88153 87394 87319 87575 88446 87429 87907 87195 88304 87662 88355 88462 87600 87702 88554 88261 88095 88086 88036 87115 87323 
85875 86118 85155 84659 84477 84385 84390 86540 86106 86167 84002 83467 85288 85319 85484 85279 85642 84460 84392 85446 84514 85990 84207 85696 85507 85250 84771 84523 84217 84592 
78491 79270 80857 82093 80981 82009 80093 79538 80558 81027 79699 80413 80732 81911 78223 81515 80433 81155 81323 79348 80708 79701 82473 79945 79591 78884 81661 79685 80586 80833 
74832 75673 77292 77404 77116 74648 77412 76172 75230 73931 75560 76030 75692 76002 77423 77436 75625 77406 75527 76172 74511 77085 77240 75367 75278 75416 76616 75438 77518 76906 
74463 73441 74223 73248 73482 74004 73892 74158 73412 74836 73924 73898 74095 73831 74752 74496 73815 74263 74637 72694 73250 74259 73072 73619 75089 73593 73408 73867 75541 73322 
72465 72784 72985 72560 73156 74173 72568 72172 72688 72961 72465 73914 72881 73358 73103 74053 71734 73110 73030 73308 73104 72950 72178 71897 72425 72169 72123 72338 72854 73192 
71360 71935 72462 72365 72413 72378 72335 72913 73708 71990 72941 72766 73514 72332 74335 71818 73540 72244 72694 72031 71812 71795 71517 71600 72668 72158 71937 71971 72278 72090 
71547 72485 72595 69593 71485 72443 72158 73660 71829 72044 72056 72080 70864 72686 71516 71931 72401 74220 73369 71284 70810 72050 71204 71563 70481 71810 72087 72414 71821 71398 
68556 70963 69608 69912 69122 69783 68688 72149 70984 71922 69904 68697 70208 70468 69358 68725 71860 68939 70424 70612 70918 70386 69776 70353 69763 68943 69671 70613 71482 69364 
66483 66881 66929 67827 68730 67818 69213 68727 67786 68166 65960 69485 67573 68612 68981 69303 69536 71790 68781 68759 70953 69985 69926 67373 67985 69141 68499 65787 69196 66430 
63733 66157 67542 66618 68147 65125 66546 64360 63403 63581 64850 65555 65658 65970 66652 66298 65075 63630 66835 65655 69384 65051 66251 64266 66173 66358 67251 64382 66161 64808 
61567 62619 63661 63729 65592 63065 63444 62099 64121 64684 64775 63013 66641 62572 64303 64901 64042 60396 64315 67085 60388 62585 58585 62325 61329 62725 64308 63305 62958 61941 
58220 62960 60921 62704 61712 62028 61596 62618 62367 60561 60844 60792 60401 63611 62007 60745 61357 60887 62773 59403 60991 63460 60865 62233 63797 60122 60113 61262 62221 62094 
58409 58792 61771 58563 58289 59580 58383 58952 61550 59407 57207 60000 60609 59355 59764 59997 59306 58940 61559 57882 63091 61268 57829 58084 59091 57517 57805 59599 57411 60783 
56497 61007 59712 56515 59412 58259 56776 58270 58947 57855 58238 58692 58820 59001 59085 58172 57087 59371 57909 61910 58169 58904 57691 57839 57222 60234 59715 57119 59501 58432 
57578 58542 56850 58225 58452 59328 59169 57560 56638 58488 57527 57973 58505 58064 57624 57778 58795 58786 58709 58028 57445 57570 56764 58974 56972 57470 58350 56878 57228 56139 
59374 56976 57457 56595 56682 57177 57445 56569 56890 55465 57450 56559 56684 58176 57654 57800 56002 57053 57680 57215 55740 57974 57699 57528 59689 57309 57766 56596 55933 58552 
56859 58089 57454 57262 56278 57452 57620 57736 56869 56916 56743 57483 56098 58317 57533 56577 57698 58632 57386 56308 57475 57962 57655 56175 58889 56737 55973 56992 57190 56597 
57275 57027 56538 56139 56839 57002 58396 57886 56621 57275 56874 57150 58130 56686 55986 57351 56952 56540 56229 58176 56214 56796 58995 57140 56690 56394 57093 57348 55778 57953 
248586 249392 249029 250581 249613 250027 243860 248501 247105 247072 250409 253752 245636 247754 246113 245889 246952 251055 247542 245336 246491 249379 250048 247111 248444 252341 249723 243122 251601 246210 
153088 151612 152425 152189 152270 152578 157656 154584 150539 153413 153708 152139 154340 151825 156855 152561 154336 151456 155035 153374 151493 150761 155911 154122 153347 151984 155014 153410 155405 154321 
110594 109726 110922 113226 110113 110296 112029 113963 110986 109584 113744 110219 112427 111496 111455 112259 110554 110863 111364 110175 110551 111124 111541 107901 110897 108682 113882 110809 108291 111413 
88734 90064 90360 88343 88449 88695 88053 88891 88541 90096 87425 87367 88819 86929 90344 89748 90589 89074 87326 87789 88504 88987 88741 88469 87194 89691 87186 89628 87350 87995 
73236 75589 75127 75895 75525 76222 74552 74167 76416 75781 74207 74558 75100 75838 74491 76987 75746 75461 74219 76204 74650 75231 76898 76411 74912 76078 75783 74669 76116 76422 
66211 67038 67712 67235 67948 66647 66978 67203 66810 66332 66905 67301 66349 66457 66990 65708 67032 66856 66059 65648 65549 66962 66894 65677 66012 66019 66803 65545 68082 66622 
60648 61545 61369 59602 60641 62451 59478 60673 60608 60760 60163 60510 61391 60932 61449 60868 59994 62037 61465 60612 61098 59556 60389 60331 62991 61252 60831 60821 62032 60440 
56969 56135 56371 56157 56681 56569 56605 56901 56868 57338 56481 56178 55587 57587 57081 57470 56630 56508 57251 56788 57205 56806 57230 56780 55753 57437 57250 56483 55823 56889 
53349 52996 52663 52672 52801 52878 52800 52752 54001 52500 53720 52995 52902 51726 53206 51891 52968 52684 51635 52385 52578 53149 52920 53425 51878 54152 53048 53232 52936 52186 
50211 49863 50893 49559 50501 50572 49411 49877 50380 49379 50960 49936 50008 49944 49742 49958 48760 49891 50354 50510 50110 50203 50561 49671 49612 50151 51011 51090 49591 50287 
47891 48015 47968 47666 47342 47910 47423 48414 47362 48045 48169 47457 47683 47631 48279 48317 47909 47986 48130 47892 48208 48108 47897 47498 47712 46985 47673 47817 47905 47981 
45546 46014 45962 46085 45883 45951 46315 46211 46082 45353 46605 47498 46415 46142 45715 46648 46408 46770 46144 46162 46523 46235 46087 45937 46106 46212 46242 46157 45782 46056 
44106 44019 44713 45398 44717 44417 44084 44588 44405 44133 44443 44312 45127 44755 44625 44988 44626 44870 44081 44694 44607 44442 44605 44728 44483 44780 44023 44488 44946 44552 
42663 42599 43187 43429 43551 43762 42989 43336 43041 43529 43326 42773 43542 43686 43686 43479 43877 42998 43578 43372 43051 42891 42602 43533 43688 43134 43737 43773 43275 43059 
41646 42179 42321 42293 41899 42482 42291 41925 42407 41452 42207 42076 41826 41987 41922 42438 42811 41728 41758 41879 41619 42856 41793 42073 42170 41999 41542 42273 42113 42426 
40963 40547 40839 41051 41053 40702 40939 41732 41319 41056 40905 40841 41126 40552 41926 40989 41292 40750 40871 41123 40648 41386 41104 41474 41402 40687 40750 40876 41267 41490 
39948 39929 39675 39867 39880 39952 40167 40024 39653 39995 39856 40265 40398 40491 40061 39809 40225 39972 40365 40533 40080 40014 39580 39621 39954 40073 39796 39857 40154 39737 
39154 39384 39368 39615 38627 39281 39483 39637 39437 39684 39623 39378 39386 39554 39004 39537 39958 39455 39008 39461 38765 39335 39156 39914 38825 39245 39145 39376 39413 38771 
38515 38468 38387 38653 38634 38910 38381 38330 38187 38515 38127 38373 38942 39163 38406 39060 38425 38851 38715 38518 38033 38679 38445 38097 38424 37973 38583 38454 38252 39041 
38100 37978 38125 37926 38152 37966 37888 38115 38041 37905 37765 38405 37796 38545 37899 37581 38398 37663 38292 38011 37780 37949 37423 37700 37658 37720 38174 38078 38145 37650 
37448 37246 37393 37336 37638 37059 37544 37371 37608 37197 37226 36977 37295 37602 37637 36860 37228 37839 37526 37372 37351 37342 37660 37076 37280 37424 37616 37392 37401 37533 
24916459 24840938 25213190 24829564 24773394 24928159 24848371 25211209 25004867 25444284 25066864 24976912 25141134 24980212 25051444 24950074 25496387 24943902 25225870 24883937 24957725 24736586 24793220 25127299 25004009 25009968 24662188 25064835 25037295 25071163 
105756 101896 103276 103261 105031 103338 116186 115410 102408 105056 108989 102842 107417 100246 116310 102218 114382 102918 110618 110789 103035 104692 110321 107650 115453 106490 107897 107165 112613 112164 
58287 57727 57771 58697 57446 56992 58756 60882 58244 57870 57820 55208 59302 60389 58480 60855 55425 58264 57450 58180 58045 57506 58531 54703 57091 55781 61183 57758 53877 58615 
41868 41329 42265 41389 40589 41444 41189 41454 41683 42832 40471 40231 41162 40268 42105 41558 42349 41203 40655 41886 41685 41674 41157 42247 41117 41590 40254 41542 40618 40076 
31752 33181 32858 34078 33154 33926 33312 32130 33638 33553 32535 33037 33433 34329 32185 34092 33330 33395 32805 33291 33081 32979 34508 33353 32572 33437 33594 33014 33179 33141 
27514 28184 29025 28889 28290 27691 28328 28494 28371 27620 28286 28459 28066 27692 28909 28128 28094 28235 27779 28137 27399 28308 28284 27266 27785 27637 28195 27600 29257 28191 
24866 25586 25096 24549 24744 25727 24347 24878 24665 25218 24768 24934 25080 25240 25260 24729 24551 25356 25453 24687 24881 24606 24739 24772 25852 25583 24770 24978 25465 24712 
22928 22855 22379 22728 22738 23056 22600 22513 22743 23069 22730 22691 22489 23021 22894 23303 22670 22924 22941 22745 23254 22602 22751 22845 22527 22793 22899 22612 22418 22780 
20870 21115 20892 20682 20871 20769 20863 20613 21354 20933 21322 20829 21006 20683 21011 20355 21186 20885 20433 20862 20673 20797 20699 20980 20574 21151 21071 20831 20853 20881 
19381 19401 20069 19190 19616 19777 19186 19645 19843 19380 19668 19551 19540 19407 19293 19507 19109 19572 19548 19749 19669 19264 19687 19475 19267 19422 19886 19743 19279 19408 
18564 18626 18579 18268 18368 18407 18439 18653 18424 18478 18412 18530 18545 18402 18439 18584 18678 18447 18590 18499 18639 18631 18599 18480 18479 18226 18389 18386 18377 18457 
17479 17331 17628 17645 17515 17688 17820 17653 17686 17406 17560 18035 17632 17711 17385 17973 17653 17932 17588 17697 17850 17692 17622 17774 17678 17752 17571 17483 17496 17404 
16824 16796 16960 17182 17067 16786 16742 16948 16560 16710 16786 16939 16961 16909 16912 17000 16937 16959 16746 16939 16910 16737 17007 16809 16828 16985 16842 16935 17076 16913 
16117 16316 16269 16274 16278 16641 16392 16220 16331 16432 16488 16256 16404 16496 16387 16389 16591 16161 16385 16661 15994 16359 15946 16351 16284 16171 16515 16507 16198 16361 
15487 15950 15762 15814 15767 15974 15707 15674 15926 15595 15665 15685 15709 15712 15828 15824 15806 15633 15763 15613 15688 16060 15571 15659 15759 15652 15468 15863 15929 15991 
15369 15168 15253 15321 15142 15161 15216 15379 15405 15237 15101 15250 15419 15157 15428 15230 15313 15201 15111 15220 15405 15442 15155 15268 15196 15083 15211 15135 15361 15261 
14865 14998 14808 14786 15038 14958 14782 14890 14867 14811 14861 14982 14893 14974 14918 14849 14763 14945 14887 15162 14776 14876 14847 14730 14835 14880 14889 14925 14831 14798 
14571 14482 14604 14541 14445 14659 14678 14528 14597 14618 14611 14698 14593 14590 14480 14639 14652 14513 14426 14597 14420 14485 14555 14782 14400 14585 14544 14631 14552 14279 
14294 14144 14240 14303 14278 14366 14182 14172 14177 14190 14242 14128 14362 14358 14157 14314 14217 14304 14241 14313 14118 14269 14230 14227 14422 13954 14242 14335 14107 14461 
14070 14106 14178 14050 14057 14016 13962 13937 13969 13931 13932 14022 13951 14045 13959 13986 14149 13951 14103 14125 14100 13978 13921 13907 14037 13943 14014 14031 14188 13858 
13769 13731 13720 13785 13963 13706 13745 13706 13839 13729 13816 13663 13742 13741 13840 13789 13710 13927 13889 13715 13810 13779 13906 13807 13657 13832 13774 13854 13713 13808 
311448 309469 313649 309233 309660 309910 310594 310750 308937 309808 310453 309865 309501 310563 311630 309252 309507 309080 313167 311746 310526 310188 313912 310662 310571 313232 309429 312094 311414 311604 
83440 82345 82655 83014 82234 82831 86315 85633 82181 83245 83549 82485 83515 81865 86159 82423 84770 81521 84552 84231 82588 83065 84516 83956 84542 83137 84387 83178 84497 84161 
62596 61884 62340 62676 62067 62286 62873 63224 62488 62445 63275 61745 63286 62691 62529 63565 61724 62794 61945 61927 62150 62232 62778 60693 61587 61339 64051 62112 60430 62636 
52499 51748 52399 51902 51268 52239 52239 51863 51920 52777 51468 51156 52328 51375 52563 52467 52749 51623 51424 52039 51823 51992 52181 51763 51735 52400 50797 52114 51606 51495 
44381 45785 45378 46152 45658 45885 45705 45325 45994 45687 45070 45394 45721 46348 45259 46319 46008 46131 45235 46193 45074 45719 46380 45874 45371 45939 46503 45628 45491 45495 
40516 41264 41883 41700 41330 41147 41385 41577 41463 40883 41532 41592 41109 40950 41989 41127 41296 41149 41074 41101 40681 41343 41468 40557 40903 40927 41320 40958 42303 41290 
38097 38836 38401 37898 38037 38881 38072 37834 37925 38386 38058 38186 38427 38893 38401 38120 37783 38451 38770 37963 38251 37899 38001 38169 38976 38608 37927 38179 38792 38213 
36179 35839 35779 35690 35904 36063 35782 35987 35829 36361 35706 35860 35545 36045 36182 36417 35739 35992 36000 35811 36187 35825 36065 36118 35792 35835 36147 35775 35424 35980 
34018 34120 33893 33906 34077 33869 33820 33568 34151 34077 34242 33849 34027 33780 34036 33571 34165 33907 33419 34042 33444 33764 33769 34159 33525 33859 33974 33786 33803 33755 
31937 32160 32996 31873 32267 32575 32017 32298 32633 32284 32585 32352 32465 32312 32089 32397 31985 32348 32156 32478 32605 32112 32440 32408 31979 32156 32675 32613 32090 32290 
31400 31069 31109 30980 30893 30867 30873 31232 30894 31132 30711 31020 31085 31019 30819 31167 31174 30973 31308 31050 30974 31087 31009 31056 31040 30882 31205 31066 30981 31075 
30032 29814 30083 29895 29823 30120 30314 30061 30096 29866 29939 30644 30008 30293 29744 30389 30071 30286 29902 30158 30304 30114 30013 30205 29817 30090 29967 29883 29835 29912 
29159 28877 29095 29483 29315 28820 28899 29203 28930 28965 29113 29086 29170 29131 29089 29298 29172 29130 28930 29158 29109 29107 29293 28867 29135 29246 29140 29221 29333 28969 
28120 28291 28155 28466 28286 28687 28294 28303 28047 28360 28720 28205 28412 28664 28362 28498 28693 28142 28359 28575 28071 28289 27918 28429 28251 28281 28618 28593 28253 28404 
27359 27858 27696 27666 27578 27696 27553 27630 27920 27314 27586 27605 27556 27418 27764 27654 27675 27435 27813 27470 27553 28043 27463 27531 27604 27670 27329 27943 27644 28073 
27034 26798 27103 27102 26931 26836 27024 27021 27070 26970 26794 26992 27299 26864 27229 26827 27067 26992 26814 26993 27022 27277 26834 27162 26962 26754 26948 26845 27029 27049 
26490 26407 26316 26301 26498 26545 26239 26646 26486 26435 26358 26569 26498 26509 26559 26433 26327 26445 26597 26612 26345 26570 26387 26313 26386 26430 26490 26521 26397 26463 
25979 25844 26129 25943 25732 26101 26273 25992 25943 26087 26013 26233 26142 26080 25945 26156 26130 25975 26026 25975 25964 25984 26020 26228 25818 26157 25824 26045 26072 25689 
25503 25509 25538 25590 25567 25588 25512 25511 25555 25625 25556 25500 25733 25860 25471 25626 25659 25561 25577 25674 25493 25687 25696 25596 26094 25127 25582 25668 25371 25940 
25456 25266 25509 25421 25182 25280 25303 25150 25172 25233 25047 25286 25203 25380 25243 25222 25420 25281 25307 25295 25504 25269 25235 25191 25241 25087 25167 25484 25405 25140 
24895 24880 24866 25016 25063 24763 25107 24839 24985 24858 24811 24814 24953 24892 25088 24958 24841 25001 25099 24912 24970 24867 25165 24921 24704 24945 24851 25070 24889 25028 
309315 309243 309483 307999 308683 308835 309316 311185 309539 309974 309362 309919 309126 310139 309361 309523 310266 309522 311365 308770 309707 309258 308911 310552 308550 308750 308091 310450 308559 309655 
80183 79313 79485 80323 79825 79697 82624 82114 79298 80410 80716 79518 80033 79346 82987 79928 81989 79407 81488 80963 79306 79863 81382 81544 82305 80150 81095 80374 82002 81153 
61454 61241 61118 61988 61050 61017 61806 62684 61552 61535 61631 60945 61785 61939 61868 62345 60616 61576 61659 61339 61438 61227 62011 59943 61067 60701 62775 61442 59820 61911 
52087 52320 52567 52062 51530 52008 51809 51772 51607 52568 51428 51680 51785 51139 52402 52571 52699 52029 51269 52191 52156 52080 52133 52190 51834 52385 51340 52715 51521 51613 
45133 46206 45745 46586 46086 46551 46390 45739 46404 46065 45689 46155 46299 47077 45235 46929 46199 46284 45768 46199 45912 45980 46626 46246 45823 46603 46653 45801 46365 46022 
41863 42313 42737 42713 42347 42034 42306 42522 42392 42002 42231 42266 41795 41941 42577 42128 42124 42142 41876 42004 41721 42256 42153 41639 41895 41852 42181 41510 43030 41965 
39252 39832 39360 38826 39019 39645 38582 39266 38958 39239 39004 39103 39521 39533 39517 38890 39058 39816 39663 39094 39073 39060 39104 39006 39787 39804 38678 39408 39517 39084 
37112 36903 36597 37222 36830 37200 37062 37101 36956 37465 37252 37004 36768 37216 37392 37374 37196 37268 37256 37066 37677 37200 37038 37093 37019 37198 37245 37058 36862 36958 
35338 35154 35118 34929 35143 35032 35276 34962 35534 35199 35717 35096 35052 35029 35186 34696 35376 35160 34851 35089 34775 35089 34851 35445 34812 35421 35255 35115 35317 35019 
33417 33449 34121 33378 33741 34128 33485 33784 34081 33495 33880 33651 33840 33354 33498 33747 33102 33619 33729 33755 33856 33541 33970 33811 33457 33610 34077 34094 33326 33723 
32377 32597 32514 32274 32368 32211 32492 32837 32459 32335 32491 32516 32587 32325 32445 32598 32765 32443 32548 32565 32726 32545 32613 32526 32495 32278 32415 32260 32316 32430 
31307 31083 31521 31314 31302 31367 31787 31450 31494 31189 31530 31967 31225 31477 31291 31646 31538 31838 31192 31529 31782 31602 31417 31698 31456 31728 31445 31274 31338 31027 
30660 30537 30793 30891 30847 30274 30282 30637 30067 30416 30400 30670 30756 30586 30619 30662 30616 30603 30576 30475 30454 30353 30634 30483 30637 30830 30645 30709 30671 30763 
29756 29805 29771 29755 29775 30205 29899 29882 29750 30006 30095 29697 30016 30068 29963 29983 30179 29664 29902 30024 29455 29935 29341 29872 29887 29661 30066 29938 29741 29793 
28804 29289 29057 29221 29238 29376 29060 28959 29239 28929 29017 29154 29167 28977 29263 29196 29177 29031 29051 28977 29091 29438 28946 28981 28991 29049 28683 29204 29422 29408 
28848 28324 28469 28527 28420 28279 28482 28686 28836 28532 28359 28509 28681 28294 28784 28430 28669 28310 28294 28418 28625 28700 28429 28612 28383 28355 28531 28304 28678 28609 
28101 28033 27838 27845 28182 28084 27738 27991 28027 27862 27993 28172 27938 28011 28186 28046 27857 28131 28047 28207 27918 27864 28012 27641 27831 28207 27977 28203 28002 27906 
27544 27438 27717 27422 27431 27640 27654 27432 27625 27452 27695 27700 27495 27507 27460 27474 27580 27444 27514 27558 27307 27428 27404 27856 27404 27480 27448 27721 27495 27211 
27172 26836 27046 27171 27041 27268 26949 27028 26961 26933 26919 26819 27322 27185 27036 27157 27072 27052 27068 27150 27093 27048 27047 27067 27318 26885 27074 27237 27057 27260 
26883 26829 27045 26818 26813 26735 26647 26674 26607 26673 26531 26837 26720 26721 26599 26832 26816 26619 26818 26958 26841 26708 26564 26607 26743 26712 26787 26872 26974 26620 
26369 26294 26339 26404 26689 26313 26525 26262 26471 26361 26450 26353 26394 26461 26528 26451 26365 26662 26522 26365 26495 26441 26644 26531 26196 26439 26394 26595 26256 26395 
184899 184802 185134 184759 184684 184822 184812 185392 185095 185293 185116 184806 184930 184586 184810 184924 185650 185102 185389 184755 185140 184737 184487 185079 184874 184886 184632 185037 185112 184852 
53718 53035 53373 53331 53308 53311 54866 54922 53139 53561 54125 53275 53790 53021 54997 53309 54745 53215 54447 54151 53354 53259 54309 54013 54440 53657 53979 53558 54568 54305 
45989 45877 45896 46044 45891 45772 45995 46430 45925 45878 45980 45387 46191 46239 46005 46387 45550 45983 45826 46026 45898 45833 46027 45234 45740 45465 46534 45842 45189 46069 
42813 42689 42998 42688 42531 42751 42624 42749 42834 43058 42458 42509 42707 42463 42896 42760 42904 42753 42599 42787 42776 42781 42691 42822 42682 42825 42426 42736 42580 42396 
39641 40296 40244 40566 40368 40574 40329 39985 40505 40547 40082 40256 40425 40747 39880 40681 40453 40391 40039 40346 40414 40238 40870 40474 40007 40360 40486 40279 40275 40271 
36910 37301 38163 37951 37538 37019 37648 37580 37601 36980 37549 37549 37349 36969 38072 37329 37382 37468 37028 37433 36803 37603 37562 36829 37131 37010 37501 36948 38226 37393 
35882 36159 36014 35753 35802 36167 35662 35834 35778 35948 35850 35949 35907 36020 36077 35837 35790 36067 36090 35883 35865 35811 35843 35786 36299 36122 35871 35960 36148 35840 
35052 34949 34769 34911 34949 35099 34886 34802 34979 35163 34977 34936 34812 35044 34976 35244 34935 35050 35132 34889 35188 34944 34960 34992 34794 34990 35045 34847 34811 34953 
33980 34064 33939 33874 33957 33989 33950 33805 34161 34012 34136 33902 34065 33890 34063 33681 34155 33933 33734 33961 33834 33888 33905 34148 33903 34048 33968 34020 34028 34047 
33077 33071 33504 32951 33240 33302 32939 33233 33363 33095 33256 33152 33155 33090 32988 33175 32872 33192 33176 33249 33241 33030 33279 33140 33097 33085 33345 33288 32917 33036 
32422 32536 32424 32250 32277 32344 32387 32470 32323 32443 32295 32442 32382 32267 32359 32500 32546 32335 32479 32474 32486 32500 32457 32438 32357 32179 32318 32288 32307 32340 
31422 31319 31591 31631 31416 31593 31727 31519 31545 31379 31482 31940 31588 31736 31430 31889 31550 31948 31535 31773 31774 31555 31576 31630 31686 31637 31531 31358 31421 31312 
30901 30879 30967 31135 30983 30912 30923 30947 30845 30892 30898 30971 30950 30925 30948 30981 30961 30947 30909 30941 30968 30893 30970 30924 30894 30992 30918 30964 30989 30875 
30720 30752 30766 30793 30769 30838 30773 30747 30807 30808 30817 30761 30849 30819 30809 30857 30877 30696 30805 30893 30663 30790 30650 30831 30749 30744 30827 30868 30704 30813 
30537 30748 30625 30623 30581 30691 30584 30584 30672 30554 30584 30570 30560 30612 30638 30624 30642 30580 30620 30532 30579 30757 30618 30645 30599 30603 30558 30638 30692 30715 
30500 30469 30475 30534 30503 30482 30457 30507 30526 30473 30428 30520 30577 30479 30533 30466 30474 30464 30481 30490 30539 30550 30465 30477 30494 30408 30451 30460 30481 30496 
30364 30413 30386 30362 30458 30401 30347 30409 30346 30385 30362 30444 30383 30416 30424 30394 30340 30435 30383 30471 30371 30394 30374 30349 30369 30397 30425 30419 30409 30361 
30329 30296 30320 30281 30277 30369 30362 30290 30270 30317 30280 30358 30282 30295 30308 30335 30346 30254 30260 30318 30259 30259 30281 30392 30239 30289 30304 30340 30293 30177 
30245 30118 30219 30192 30227 30234 30211 30150 30157 30175 30172 30107 30207 30219 30137 30222 30132 30245 30174 30219 30144 30196 30195 30228 30245 30075 30185 30237 30133 30314 
30100 30149 30153 30083 30125 30058 30101 30057 30085 30051 30054 30131 30042 30115 30022 30087 30161 30135 30119 30121 30115 30104 30033 30091 30131 30060 30069 30063 30196 30013 
29982 29933 29929 30007 30079 29871 29978 29931 29980 29936 29985 29950 29965 29930 30005 29913 29946 30053 30022 29953 29957 29972 30062 29954 29854 29984 29960 29985 29878 29962 
138921 138962 138979 138654 139119 139050 139057 138762 138813 139055 139040 139012 139022 138973 138878 139036 139167 138941 139073 138862 138781 138768 139094 138990 139071 138935 138747 139039 138990 138976 
73275 72592 72964 73270 73179 73341 73963 73857 73242 72790 73733 73128 73730 73059 74549 73470 73690 73167 73942 73552 73798 73071 74305 73168 73733 73003 74188 73277 74012 73796 
59304 58684 59608 59397 59002 59461 59114 59587 59697 59213 59704 59129 59938 59813 59971 59827 58717 59705 59288 59171 59241 59730 59692 58634 58523 59085 60381 59183 58791 59952 
49538 50010 50664 49034 49578 49515 49443 50072 49272 49634 49731 49486 49624 48836 50521 50091 50408 49537 49332 49920 50425 50287 49313 49777 49420 49675 48366 49537 49007 49624 
41881 42647 42082 43054 42817 43000 42411 42291 43175 42841 42417 42131 43181 43662 42139 43044 42483 42350 42456 43614 41889 42752 42863 42962 42271 42539 42915 42492 42973 42435 
36547 37283 37396 37420 37292 36761 37081 37498 37355 37038 37110 36830 37060 36578 37445 35889 37277 36816 36594 37352 36421 37536 37394 36103 36856 36567 36909 36472 38092 37038 
33002 33605 32631 32711 32820 34038 32079 31741 32912 32970 33018 32710 32718 33256 33076 32245 32566 33453 33647 32285 32999 32049 32389 33011 33636 33167 32751 32852 33057 32789 
29700 29104 29132 29268 29175 29136 29424 29673 29573 29730 29681 29405 28883 29466 29747 30056 29275 29540 29537 29153 29896 29016 29631 29799 29211 29813 29595 29645 29255 29689 
26740 27035 26280 26596 26838 26297 26316 25939 27415 26485 27290 26580 26701 26058 26894 25832 26881 26267 25482 26479 26292 26465 25757 26878 25832 26976 26673 25809 26416 25982 
23900 23865 25030 23343 24168 24240 23327 23809 24701 23461 24148 24233 23994 23905 23967 24021 23338 23520 23571 24306 24791 23511 24337 24137 23407 24201 24609 24548 23381 23725 
22705 22576 22225 21945 22065 21925 21796 22188 21672 21925 22024 22513 22291 21794 22292 22697 22668 21886 22410 22804 22219 22442 22094 22017 21963 21765 22046 22293 21778 21979 
20357 19901 20605 20245 20199 20333 20782 20585 20545 20344 20645 21300 20754 20952 20039 20940 20271 21166 20591 20808 20643 20608 20375 20724 21008 20703 20473 20584 20083 20333 
19245 18718 18952 19754 19340 18962 18944 19489 18721 18909 18942 19002 19271 19110 18956 19564 19409 19251 18956 19358 19145 19006 19168 19348 19366 19309 18945 19038 19524 18975 
17835 17871 17924 18136 18106 18389 17914 17543 17686 18230 18167 17818 18159 18320 18087 18122 18661 17745 18061 18451 17729 18191 17437 18197 17544 17991 18240 18230 17656 18129 
16507 17355 17110 17169 17087 17337 16860 16631 17407 16362 16735 16549 16727 16960 16996 16868 17091 16574 17193 16640 16841 17779 17038 16873 16981 16700 16578 17209 17266 17459 
16104 16159 16024 16356 16143 15830 16126 16370 16071 15811 15806 16111 16543 15848 16301 16008 15720 16141 15761 16110 16132 16347 15879 16008 15954 15785 15835 15786 16053 16358 
15382 15489 14991 15201 15562 15318 15012 15420 14957 15139 15291 15342 14990 15587 15458 15146 15149 15628 15104 15863 15406 15276 15129 15036 15110 15331 15576 15462 15256 15178 
14593 14278 14744 14714 14585 15089 14971 14589 14640 14838 14646 15039 14812 14577 14612 14736 15096 14546 14410 14864 14517 14567 14882 15133 14369 14586 14628 14738 14561 14135 
14031 13960 14292 14238 14249 14574 13943 13766 13803 13908 14133 13862 14196 14385 13955 14427 14056 14328 14089 14558 13849 14337 14067 14000 14482 13576 14542 14423 13966 14591 
13768 13952 13982 13544 13612 13617 13690 13405 13539 13596 13433 14009 13451 13994 13444 13586 14159 13818 14020 13847 14042 13857 13641 13446 13684 13650 13818 13876 14093 13383 
13266 13351 13371 13474 13610 13057 13264 13302 13465 13029 13345 13068 13413 13390 13569 13124 13217 13588 13539 13070 13411 13280 13604 13179 12988 13443 13311 13138 13307 13277 
222601 222927 222401 222806 222433 223295 222768 222557 222630 223113 222933 222985 223796 223420 222810 222885 222813 222995 222463 222910 222914 223024 222992 222225 223238 222338 222673 222566 222806 223569 
64033 62986 63569 63582 63053 63231 65561 65106 63231 63612 64386 63374 64017 62856 65389 63363 64810 62626 64100 64436 63029 63520 64559 63762 64621 63383 64559 63545 64282 64297 
49196 48868 49216 49440 48514 49026 49488 49648 49464 49027 50261 48593 49825 49581 48787 49907 48941 49426 48694 49172 49134 49199 49390 48189 48669 48394 50149 48871 48072 49403 
42071 41600 42198 41434 41284 41723 41667 41557 41389 42424 41443 40928 42090 41046 42043 41834 41805 41686 41002 41731 41338 41719 41705 41524 41523 41777 41057 41824 41683 41364 
36138 37122 36470 37268 37378 37037 36902 36537 37203 36763 36412 36798 36830 37248 36344 37205 37082 37016 36635 37227 36776 36818 37451 36931 36523 37168 37281 36768 36910 36826 
33118 33318 34134 33790 33405 33340 33672 33582 33556 33064 33728 33623 33195 33172 33862 33340 33445 33297 33503 33074 32941 33830 33668 33235 33412 33404 33407 32989 34101 33431 
30849 31283 31012 31007 30951 31247 30808 30680 30759 30977 30948 30929 30976 31350 31111 30776 30524 30893 31434 31052 30906 30705 30790 31280 31570 31162 30884 30891 31548 30782 
29207 28749 28994 28898 28802 29293 29058 29003 28904 29102 28907 28915 28784 29284 29408 29509 29067 29097 29313 29156 29217 29102 28916 29287 28864 29046 28987 28830 28811 29128 
27262 27390 27175 27328 27342 27410 27214 27014 27506 27393 27653 27531 27295 27236 27443 27265 27621 27238 26927 27447 27019 27226 27279 27545 27046 27093 27370 27266 27321 27327 
25731 25814 26454 25739 25755 26116 25615 26050 26133 25893 26110 25855 25760 25971 25806 25978 25571 25909 25779 26114 26149 25982 25893 26111 25805 26027 26320 25980 25864 25892 
24859 24654 24983 24598 24696 24654 24566 24938 24700 24782 24666 24857 24727 24486 24643 24828 25156 24887 24900 24824 24560 24839 24856 24937 25006 24347 24873 24797 24825 24818 
23640 23763 23736 23715 23567 23958 23974 23890 23840 23601 23654 24230 23825 23892 23437 23953 24066 24039 23842 23980 24043 23813 23668 24028 23786 23883 23786 23819 23894 23820 
22846 22952 22717 23410 23090 22517 22716 22945 22749 22684 22813 23022 23023 23044 22960 23129 23060 22949 22955 23115 23106 23178 23039 22914 23040 23064 23078 22991 23319 23024 
22010 22161 22029 22325 21948 22481 22404 22257 21957 22263 22442 21889 22367 22310 22163 22148 22540 21957 22457 22435 21933 21939 21870 22122 22016 22132 22424 22262 22093 22274 
21264 21738 21375 21558 21443 21574 21390 21331 21623 21244 21341 21496 21466 21452 21795 21594 21497 21262 21411 21378 21346 21702 21123 21335 21468 21346 20945 21792 21492 21827 
20904 20524 20903 20717 20781 20824 20838 20979 20896 20977 20756 20804 20962 20628 21036 20531 21060 20748 20638 20861 20866 21082 20848 20955 20866 20527 20831 20535 20815 20749 
20182 20167 20128 20097 20234 20166 20032 20325 20212 20182 20197 20325 20418 20251 20315 20209 20181 20246 20293 20380 20145 20234 20092 20126 20209 20163 20127 20259 20120 20214 
19751 19581 19890 19551 19592 19910 19905 19883 19773 19823 19844 19970 19833 19831 19696 19883 19903 19591 19723 19618 19594 19672 19892 19844 19527 19868 19635 19984 19784 19532 
19302 19172 19033 19241 19179 19397 19500 19063 19235 19126 19308 19146 19446 19430 19116 19229 19372 19231 19237 19347 19271 19296 19283 19286 19599 18914 19297 19214 19083 19265 
19043 18930 19025 18799 19010 18757 18933 18744 18937 18797 18736 19051 18900 18959 18834 18868 18997 18792 18886 19050 19056 18904 18661 18765 18874 18587 18776 18932 19127 18769 
18317 18464 18383 18554 18528 18376 18593 18254 18572 18446 18351 18203 18478 18361 18541 18396 18538 18576 18692 18526 18505 18466 18561 18508 18370 18455 18567 18596 18503 18468 
297197 297234 298070 296795 296595 297172 297100 298249 297662 297926 297428 297322 297097 297216 297431 297692 298338 297368 298238 297320 297827 297222 296696 298029 296851 296913 296125 297542 296934 297333 
67089 66237 66534 67094 66828 66883 69479 68998 66246 67303 67767 66243 66977 66372 69951 66857 68935 66339 68534 68083 66224 66857 68311 68299 69094 67091 68002 67239 68950 68058 
49941 49452 49510 50248 49451 49378 50076 50930 49850 49882 49954 49159 50172 50146 50007 50570 48980 49739 49783 49753 49638 49511 50247 48397 49516 49035 50949 49689 48203 50103 
41720 41723 42017 41632 41130 41440 41261 41403 41268 42042 41027 41136 41305 40836 41769 41871 42048 41525 40974 41746 41557 41536 41600 41747 41318 41737 40917 41904 41226 41140 
35856 36808 36517 37138 36611 37137 36956 36310 36841 36801 36437 36790 36851 37501 36094 37319 36810 36858 36522 36792 36487 36603 37301 36726 36473 37108 37167 36468 36724 36623 
33366 33710 34013 34025 33745 33381 33639 33989 33807 33408 33620 33768 33522 33401 33893 33647 33598 33580 33357 33516 33247 33586 33682 33176 33284 33337 33644 33211 34391 33492 
31438 31953 31543 31115 31317 31886 30948 31393 31186 31518 31232 31393 31702 31723 31606 31284 31316 31840 31840 31332 31381 31214 31380 31260 32040 31780 31195 31539 31704 31435 
30049 29815 29639 30014 29841 30142 29839 29812 29916 30255 30068 29825 29705 30050 30070 30171 29952 30067 30109 29838 30441 29967 30009 29879 29782 30036 30002 29896 29645 29835 
28606 28637 28608 28464 28540 28509 28591 28371 28956 28654 28908 28510 28648 28364 28608 28286 28779 28531 28403 28443 28395 28553 28351 28780 28264 28753 28719 28724 28677 28507 
27509 27417 27910 27300 27640 27892 27435 27789 27778 27450 27762 27563 27626 27428 27410 27659 27320 27621 27554 27803 27677 27426 27828 27616 27460 27533 27811 27888 27305 27633 
26904 26991 26941 26695 26751 26703 26821 27053 26751 26850 26792 26824 26940 26808 26860 26941 26997 26875 26907 26837 27019 26982 26951 26862 26913 26679 26864 26708 26684 26842 
26048 25974 26261 26155 26103 26209 26404 26255 26319 26053 26233 26571 26119 26209 26081 26383 26190 26565 26136 26293 26419 26303 26288 26231 26208 26392 26182 26094 26143 25938 
25664 25586 25752 25893 25793 25598 25533 25702 25412 25608 25603 25736 25699 25710 25704 25686 25729 25770 25684 25680 25560 25477 25710 25627 25672 25791 25663 25798 25736 25714 
25118 25242 25199 25163 25249 25499 25272 25212 25170 25298 25400 25177 25303 25339 25300 25323 25490 25188 25272 25414 25021 25348 24968 25296 25257 25119 25382 25354 25154 25265 
24632 24883 24785 24798 24898 25057 24805 24743 24861 24644 24727 24741 24817 24709 24773 24938 24846 24677 24799 24667 24829 25016 24662 24730 24884 24755 24610 24850 25013 25101 
24606 24278 24449 24436 24369 24401 24430 24552 24565 24458 24303 24511 24569 24314 24679 24453 24529 24401 24311 24371 24451 24516 24418 24453 24479 24278 24420 24265 24523 24420 
24166 24194 24123 24039 24266 24244 24067 24160 24146 24069 24081 24254 24142 24165 24176 24155 24089 24188 24178 24288 24061 24040 24101 24017 24068 24233 24177 24256 24194 24042 
23956 23839 23958 23843 23756 23991 23968 23890 23856 23950 23986 24018 23933 23956 23892 23897 23959 23863 23758 23939 23800 23845 23883 24091 23800 23860 23886 23981 23861 23642 
23688 23503 23655 23713 23706 23729 23659 23639 23579 23706 23630 23547 23838 23743 23620 23709 23596 23667 23657 23749 23592 23697 23618 23728 23766 23499 23686 23673 23571 23765 
23506 23540 23605 23477 23513 23498 23483 23415 23449 23405 23406 23562 23432 23501 23428 23468 23552 23430 23510 23571 23580 23499 23382 23409 23499 23423 23454 23484 23597 23399 
23349 23219 23225 23281 23471 23230 23297 23152 23325 23292 23311 23265 23269 23368 23319 23277 23270 23423 23367 23200 23317 23307 23388 23337 23148 23329 23248 23355 23224 23343 
160051 160663 162217 158935 161842 160954 162290 167286 164520 163581 163976 163086 159662 170390 167478 168007 164956 164736 166240 164652 165311 169239 160757 170241 167734 165095 158556 167853 158522 160870 
73511 72763 73653 73040 73275 73233 74562 74376 73379 73001 74049 73643 73652 73346 75335 73558 74354 73465 74138 73941 73203 72408 75366 74448 74519 73282 73618 73032 74234 73583 
60515 59863 59787 60801 60303 60535 60412 61076 60109 60676 61062 59876 60819 60344 60128 60636 59611 60806 59930 59789 60575 60182 60454 59402 59730 59310 61579 59833 59542 60560 
53103 52752 52931 52451 52570 52820 52448 52699 52450 52555 52350 52626 52567 51699 53098 52692 53426 52229 52482 52438 52799 52926 52598 53022 52446 52742 51952 52908 51714 52389 
46737 47623 46996 47760 47622 48090 47606 47224 47366 47367 47172 47323 47596 48213 46909 47876 47590 47677 46952 47835 47148 47469 47972 48006 47404 47615 48118 47272 47845 47539 
43186 43666 43979 44373 44061 43634 43497 44394 44166 43449 44120 43862 43472 43705 44277 43700 43594 43513 43405 44118 43635 43357 44019 43685 43508 43547 43595 43530 44760 43967 
40828 41724 40919 40709 40873 41585 40416 40885 41409 41402 40948 41355 41302 41598 41323 40784 40875 41545 41413 40909 41272 40973 41130 41205 41260 41595 40479 41392 41386 40698 
39077 38774 38593 38877 38810 39098 38725 39178 38752 39317 38879 38919 38520 39049 39447 39157 38938 38855 39111 38816 39580 38688 39156 39301 38662 39126 39166 38709 38785 38730 
37392 37000 36913 36631 36899 37096 36947 36722 37155 36959 37292 37022 37177 36860 37205 36689 37152 37047 36620 37047 36969 36594 36616 37250 36515 37099 37038 37122 37039 36766 
35368 35704 35961 35062 35539 35807 35065 35690 35494 35206 35553 35457 35576 35088 35408 35428 34970 35529 35309 35474 35896 34953 35667 35423 35226 35250 35999 35664 35255 35690 
34144 34281 34627 34416 33933 34204 33815 34230 34028 34084 34356 34191 34133 34107 34398 34369 34364 33782 34120 34156 34385 34521 34490 33940 34013 33942 34145 33940 33690 34035 
32674 32822 33204 32977 32541 33127 33155 32883 33179 32807 32903 33851 32911 33196 33033 33453 33150 33323 33092 33188 33409 33282 32931 33225 33618 32982 33046 32732 33026 32722 
32147 31820 32231 32442 32033 32064 31713 32213 31664 31878 32085 32260 32178 31823 32160 32093 32323 32376 31951 32038 32317 31868 32233 32106 32149 32543 32131 32426 32637 32209 
30925 31406 31092 31305 31024 31758 31384 31205 31146 31273 31361 31076 31127 31489 31332 31326 31761 31408 31238 31565 31103 31173 31081 31276 31212 31255 31534 31580 31315 31156 
30094 30612 30394 30438 30255 30659 30539 30252 30604 30009 30252 30277 30351 30212 30827 30667 30432 30404 30418 30415 30029 30761 30277 30275 30374 30242 30161 30501 30474 30836 
29794 29560 29711 30024 29796 29270 29606 29821 29812 29787 29760 29672 29960 29536 30128 29974 29834 29583 29514 29821 29810 29998 29754 29811 29498 29660 29631 29477 29830 29776 
29092 29181 28935 29137 29292 29173 28903 29445 29092 29094 29189 29260 29055 29332 29203 29360 28994 29328 29243 29339 29057 29113 29025 29101 29140 29055 29146 29448 29081 28827 
28686 28272 28934 28385 28795 28734 28814 28613 28811 28689 28899 28957 28647 28541 28484 28736 28897 28781 28628 28409 28479 28627 28604 28673 28288 28782 28436 28907 28531 28388 
28232 27854 28194 28380 28274 28341 28121 27974 27890 28216 28134 27860 28342 28452 27923 28174 28087 28245 28085 28279 28109 28217 28032 28195 28433 27676 28232 28080 28062 28556 
27870 27761 27898 27634 27904 27655 27652 27535 27511 27564 27440 27836 27757 27632 27878 27760 28061 27585 28125 28220 28000 27905 27526 27500 27617 27629 27845 27899 27988 27516 
27410 27251 27293 27254 27500 27325 27286 27099 27290 27354 27377 27315 27112 27304 27403 27212 27459 27453 27259 27255 27281 27580 27585 27219 27344 27337 27148 27589 27025 27351 
184902 184832 185174 184753 184710 184845 184833 185393 185098 185288 185124 184811 184967 184589 184818 184930 185653 185117 185436 184788 185149 184772 184494 185088 184892 184910 184644 185072 185134 184895 
54031 53312 53652 53604 53613 53653 55152 55204 53473 53925 54430 53610 54120 53334 55439 53649 55013 53511 54825 54454 53638 53602 54624 54306 54847 54038 54389 53840 54859 54556 
45983 45887 45867 46106 45857 45764 45981 46498 45978 45795 46001 45303 46210 46299 46047 46356 45540 45921 45772 46004 45941 45809 46101 45145 45676 45367 46628 45854 45086 46091 
41916 41736 42253 41750 41506 41829 41592 41855 41871 42373 41446 41548 41853 41431 42171 41904 42109 41773 41528 41951 41925 41809 41776 41993 41681 41950 41443 41786 41560 41319 
37651 38134 38002 38376 38136 38384 38176 37919 38247 38206 37954 38115 38219 38488 37747 38441 38212 38245 37972 38122 38171 38072 38517 38334 37939 38206 38268 38058 38153 38112 
35935 36192 36615 36574 36323 36061 36327 36290 36275 35993 36166 36306 36153 35944 36610 36261 36157 36226 35965 36166 35792 36376 36292 35777 36078 35901 36235 35854 36654 36174 
34639 34944 34719 34516 34532 35008 34263 34687 34543 34725 34558 34658 34803 34800 34876 34617 34492 34944 34944 34492 34664 34500 34560 34580 35119 35073 34598 34638 35003 34569 
33327 33262 32943 33153 33230 33348 33116 32973 33201 33598 33193 33245 32926 33472 33382 33672 33094 33342 33458 33181 33588 33171 33192 33315 33005 33230 33290 33053 32962 33307 
32001 32127 32066 31989 32091 31993 32024 31923 32287 32133 32222 32056 32130 31989 32128 31806 32178 32051 31867 32003 31978 32019 31932 32080 31936 32208 32152 32049 32036 32063 
31458 31462 31764 31387 31534 31602 31360 31530 31624 31434 31616 31528 31540 31467 31386 31544 31317 31519 31516 31587 31597 31415 31605 31460 31405 31487 31670 31626 31393 31465 
31045 31097 31096 30886 30946 31010 30974 31109 30936 31050 30972 30972 30967 30954 31050 31081 31116 30971 31001 31024 31077 31124 31069 31033 31000 30878 30991 31000 30862 31061 
30361 30311 30581 30433 30475 30480 30620 30496 30478 30366 30444 30808 30466 30582 30339 30712 30508 30761 30494 30530 30663 30585 30475 30577 30590 30615 30443 30366 30326 30378 
29842 29912 29999 30271 30158 29929 29847 29992 29704 29805 29885 29976 30019 29970 29968 30054 29984 30049 29834 30023 30013 29869 30053 29967 29919 30058 29921 29990 30083 29922 
29257 29446 29449 29439 29453 29679 29540 29307 29515 29490 29686 29432 29525 29560 29547 29626 29740 29291 29548 29828 29131 29406 29053 29459 29365 29519 29687 29632 29395 29563 
28458 29041 28884 28873 28931 29094 28702 28763 28992 28710 28637 28766 28648 28807 28817 29008 28949 28651 28958 28655 28790 29217 28732 28758 28827 28796 28417 28939 29066 29068 
28197 27928 28113 28209 27855 27918 28035 28232 28306 27949 27767 28068 28432 27827 28363 27893 28154 27971 27884 27897 28314 28385 27913 28125 27944 27761 27957 27796 28074 28034 
27242 27597 27212 26923 27409 27434 26985 27364 27112 27162 27114 27415 27417 27465 27434 27384 26977 27544 27268 27700 27242 27199 26958 27041 27194 27271 27304 27481 27025 27268 
26740 26152 26780 26376 26036 26786 26711 26277 26364 26455 26532 26967 26513 26349 26234 26602 26625 26330 26132 26294 25944 26276 26531 27036 26010 26605 26477 26794 26354 25577 
25653 25047 25565 25708 25524 25691 25234 25143 25095 25144 25280 24972 25619 25777 25053 25553 25354 25824 25545 25582 25208 25299 25511 25594 26062 24615 25380 25812 25089 26098 
24683 24701 25141 24615 24508 24372 24493 23828 24143 24192 23975 24711 24386 24716 24470 24147 25095 24074 24630 24553 24879 24557 23783 24133 24477 23990 24708 24513 25252 23681 
22972 22961 22973 23470 23938 22926 23270 22987 23610 23145 23130 22967 23007 22981 23567 22983 23064 23667 23750 23408 23170 23375 24115 23222 22892 23703 23285 23337 22908 22999 
