MergeSort QuickSort TimSort OESM Cook_Kim InsertionSort LIS BothAlgo2 TwoMomentSort DDS LIS_small BothAlgo_small DirtyClean4 TwoMomentSort_small 
14 21 1
8730 
6509 
6114 
5847 
5715 
5619 
5580 
5495 
5463 
5438 
5370 
5313 
5333 
5303 
5263 
5282 
5241 
5238 
5206 
5233 
5214 
11050 
10807 
10871 
9958 
12168 
10575 
11170 
11294 
9890 
10409 
10804 
11168 
10706 
11342 
11767 
10339 
10379 
10219 
10203 
11058 
11991 
13380 
8667 
7292 
5892 
5473 
5117 
4821 
4722 
4518 
4558 
4259 
4189 
4229 
4094 
4031 
4061 
3997 
3965 
3885 
3940 
3893 
9194 
7462 
7117 
6913 
6847 
6549 
6357 
6180 
6272 
6003 
5822 
5853 
5745 
5574 
5356 
5230 
5274 
5389 
5272 
5295 
5141 
16987 
12677 
9878 
8022 
6914 
6463 
5970 
5398 
5132 
5101 
4451 
4470 
4503 
4239 
3985 
4092 
3930 
3855 
3802 
3783 
3823 
247414 
10358 
6092 
3981 
3252 
2713 
2431 
2265 
2128 
2072 
1799 
1700 
1719 
1624 
1528 
1550 
1474 
1441 
1380 
1418 
1393 
20528 
8226 
6421 
5244 
4397 
3975 
3835 
3595 
3447 
3325 
3059 
2889 
2979 
2804 
2698 
2677 
2566 
2621 
2475 
2595 
2480 
20871 
7958 
6217 
5129 
4580 
4206 
3902 
3709 
3550 
3472 
3216 
3037 
3045 
2955 
2838 
2934 
2725 
2750 
2654 
2723 
2615 
11850 
5315 
4642 
4210 
4015 
3660 
3533 
3468 
3408 
3356 
3178 
3079 
3092 
3066 
3043 
3045 
3030 
3027 
2991 
2999 
2968 
9844 
6055 
5050 
4141 
3425 
3101 
2663 
2489 
2250 
2226 
1839 
1678 
1722 
1569 
1467 
1461 
1393 
1387 
1226 
1300 
1324 
15623 
6438 
4988 
4161 
3574 
3347 
3012 
2850 
2740 
2684 
2397 
2306 
2324 
2148 
2123 
2107 
1961 
1981 
1880 
1971 
1858 
19742 
6659 
5098 
4106 
3647 
3280 
3158 
3030 
2903 
2838 
2668 
2557 
2569 
2492 
2433 
2450 
2407 
2366 
2328 
2377 
2321 
11850 
6937 
6059 
5075 
4625 
4224 
3949 
3889 
3710 
3620 
3347 
3181 
3176 
3033 
2944 
2972 
2871 
2805 
2706 
2754 
2696 
11850 
5298 
4632 
4103 
3791 
3563 
3410 
3300 
3215 
3203 
3055 
2999 
3004 
2941 
2808 
2856 
2678 
2636 
2340 
2509 
2349 
