MergeSort QuickSort TimSort OESM Cook_Kim InsertionSort LIS BothAlgo2 TwoMomentSort DDS LIS_small BothAlgo_small DirtyClean4 TwoMomentSort_small 
14 21 10
120503 120484 120513 120459 120377 120488 120504 120480 120574 120539 
81843 81928 82018 82162 82083 82115 81994 82065 81788 81977 
78043 78111 77938 77976 77790 78005 78020 77833 77804 78247 
75985 76050 76209 76025 76233 75970 76034 75977 76087 75791 
74651 74832 74781 74693 74660 74668 74772 74914 74704 74611 
73726 73745 73829 73814 73886 73748 73829 74076 73771 73744 
73213 73025 73134 73102 73053 73077 73057 73151 73058 73095 
72625 72686 72724 72545 72687 72613 72565 72679 72708 72577 
72254 72277 72165 72164 72220 72198 72240 72250 72235 72209 
71908 71996 71995 71999 71901 71958 71900 71956 71991 71942 
71601 71678 71705 71547 71745 71732 71681 71619 71613 71680 
71404 71528 71482 71386 71441 71405 71484 71360 71466 71435 
71253 71167 71211 71392 71214 71280 71229 71299 71288 71209 
71043 71044 71004 71099 71140 71054 71098 71065 71030 70979 
70906 70883 70909 71033 70948 70901 70943 70937 70945 70896 
70812 70843 70777 70827 70764 70788 70872 70823 70803 70773 
70722 70699 70723 70621 70721 70643 70676 70662 70696 70661 
70607 70551 70541 70533 70623 70590 70653 70548 70602 70569 
70479 70448 70494 70441 70485 70590 70496 70479 70505 70448 
70439 70400 70353 70396 70337 70345 70460 70385 70393 70377 
70306 70288 70311 70353 70351 70257 70335 70366 70417 70311 
153869 156726 150977 165316 151197 173677 149468 154887 147334 148068 
156039 150754 178244 153252 145104 159453 148925 157565 151249 160055 
152096 154576 163046 157852 145616 159897 155288 151483 155399 151260 
164640 153478 154456 150837 165175 162759 154277 152724 147621 151834 
152021 151962 152957 149449 160740 166010 149151 151664 148235 155571 
149320 161916 158637 159559 154419 151554 168294 161922 162549 161185 
155412 148497 150707 153418 148119 154634 148566 149352 168059 163891 
155040 149358 152217 164191 162174 150961 151519 161220 155856 181459 
161873 162192 157683 160391 159085 154166 166231 169696 144912 152449 
161949 155168 148834 145606 169766 161560 155064 154312 151354 149880 
148689 163859 150230 168293 151242 141435 150441 147094 163786 174618 
158295 165615 167667 148145 163508 155512 150556 158818 163551 154063 
161750 152902 156344 144298 155472 151108 148851 151035 159832 153248 
152342 160939 157713 149714 152805 163047 146261 151122 150086 159309 
145308 153072 147378 149760 160751 150967 149770 152350 150734 163035 
154789 154653 170001 145643 149348 167331 149233 149264 165363 155710 
160180 163363 150015 153145 164934 148567 159698 157490 163286 156985 
150172 155482 149785 164828 153197 147034 147550 161669 156757 151083 
154595 156449 148618 156462 151944 150774 144686 151437 154425 148135 
153620 160113 148796 158156 154829 148389 156898 159126 156650 161123 
164937 150775 160671 159112 154008 157201 150694 157304 153920 147905 
172612 172445 172106 172243 172819 172469 171648 172379 172385 172016 
107785 109290 108411 109357 107725 107498 107140 106085 108432 108493 
91892 91495 91415 91691 90473 91811 91821 91325 91056 91147 
81924 83240 83341 82471 83025 82184 81917 81992 82054 81969 
76555 76694 76223 76065 76069 76597 76283 76771 76560 76677 
72556 72389 72546 73101 72930 72502 72800 73510 72611 72336 
70103 69881 69453 69797 69685 69607 69951 70000 69904 70145 
68162 68272 68270 67929 68378 68114 67893 68234 68079 67650 
66780 66462 66645 66415 66667 66316 66646 66500 66458 66566 
65537 65578 65658 65890 65105 65533 64917 65298 65428 65396 
64390 64519 64444 64187 64629 64456 64535 64419 64426 64297 
63561 63721 63578 63514 63612 63506 63729 63291 63618 63534 
63000 62768 62863 63195 62991 62857 62990 62997 62940 63096 
62331 62274 62206 62459 62546 62201 62261 62429 62497 62393 
61855 61926 61799 62077 61954 61984 61914 61885 61737 61855 
61500 61446 61399 61480 61480 61448 61664 61523 61545 61539 
61224 61002 61182 61116 61236 61121 61153 60996 61228 61046 
60774 60822 60928 60620 60840 60726 60857 60817 60787 60546 
60524 60406 60503 60554 60501 60477 60546 60544 60520 60344 
60385 60351 60201 60248 60320 60192 60355 60296 60212 60173 
59942 59939 59860 60029 60048 59977 60037 60091 60181 59949 
126069 125939 126180 126094 126067 126117 126004 125960 126082 126049 
93756 92920 94009 93967 93204 94138 92880 92921 93273 94299 
88828 87584 87253 88063 87266 88254 88410 87128 86775 87875 
85469 86626 87105 85318 85689 83590 84620 84697 85659 84404 
79944 80189 81833 79602 80097 79939 79835 80792 80430 81604 
75623 75114 76328 75582 76222 75713 77809 77133 76207 75692 
73855 74115 73385 73162 73775 72602 74190 74433 72265 72804 
72688 72516 73268 72151 73131 72699 72690 73118 72742 72608 
71311 71734 71856 72579 71494 71650 72827 72398 72583 71701 
71666 71486 72280 72388 71011 72166 68756 71376 71240 71036 
71465 69294 68227 68072 69396 71228 71685 69713 70682 69473 
67767 66686 68483 66198 69597 67633 68250 65408 68180 66100 
66407 63656 63180 66556 65430 64944 67604 66314 65591 65968 
61703 62787 61454 62489 64198 60780 62833 60458 64719 62821 
61422 62550 59757 62976 61102 63280 60849 59928 58643 60652 
60241 59239 61135 60501 61353 62042 61526 62122 59518 58692 
59723 58927 58875 58976 61322 57740 59941 57990 60155 59158 
58726 56072 55576 57739 58024 57525 57703 57879 57328 58261 
56852 56349 57725 57731 58224 55946 58711 57953 56286 57680 
57097 57835 57476 57868 57349 56822 60033 56938 57310 56258 
57002 56636 56287 57403 55915 56270 56784 57536 56149 57213 
248586 250620 249459 250849 248060 250047 250236 250889 249209 250160 
154262 154707 153598 154250 152738 153039 153377 151129 154080 154706 
111303 111787 110460 111167 108964 111852 110078 110252 109985 111466 
89196 89428 90506 88974 89867 89786 88471 89096 87422 88248 
75913 75440 74487 74051 73980 74448 75650 76231 75667 75277 
66160 66743 66975 66793 67052 67008 67115 67517 67072 66221 
60519 60260 59340 60235 60683 60189 60035 60962 60644 60618 
56027 57494 56023 55437 56569 56706 55522 56643 57593 55442 
53465 52727 52675 52245 52593 52406 53175 52730 52336 53134 
49985 50867 50494 51311 50188 50240 48420 50319 50286 50510 
47856 48276 48075 46956 48328 47926 48471 47602 47884 47364 
45911 46354 45845 46069 45841 45892 46275 45619 46096 45819 
44254 44571 44338 44987 44235 44016 44732 44814 43967 44583 
43126 42905 42629 43555 43641 42622 42802 43147 43466 43157 
42053 42217 41925 42186 42334 42046 42121 41771 41933 41797 
41358 41015 41101 40939 40829 41050 41181 41019 41220 41216 
40214 39691 40411 40072 40606 39989 39857 39901 40583 40095 
39012 39163 39169 38791 39624 39244 39748 39165 39735 39174 
38544 37977 38325 39164 38408 38456 38380 38852 38803 38324 
37969 37852 37949 37970 37796 38257 38385 38214 37739 37707 
36387 37196 36905 37260 37631 37279 37797 37272 37974 37285 
24916459 24844864 25202828 24821886 24743448 24991547 24836107 25231900 25018359 25478141 
107573 103139 105896 109287 107988 108176 103767 103699 106298 113761 
59171 60583 57019 59202 55597 59460 57023 57044 56222 59366 
41029 42993 43636 42134 42986 40949 41583 41616 40624 40329 
32837 32779 32988 32337 32685 32859 32981 33572 33001 32847 
27813 27822 28197 28235 28051 28033 28438 28838 28145 27589 
25001 24730 24314 24531 24490 24473 24770 25025 24685 24966 
22641 22830 22617 22334 22982 22475 22364 22932 22719 22191 
21131 20744 20955 20607 20813 20678 20787 20753 20834 20861 
19588 19734 19730 20090 19111 19671 18987 19343 19538 19577 
18431 18465 18476 18241 18643 18528 18564 18401 18390 18454 
17559 17745 17544 17465 17603 17498 17597 17251 17655 17476 
16870 16709 16779 17212 16887 16693 16951 16917 16918 16982 
16249 16155 16138 16343 16424 16102 16121 16205 16296 16235 
15741 15779 15637 16047 15800 15836 15714 15697 15621 15654 
15359 15290 15244 15310 15273 15307 15503 15339 15339 15304 
15028 14829 14982 14878 15027 14870 14875 14756 14928 14817 
14561 14608 14719 14427 14626 14499 14641 14546 14566 14436 
14281 14212 14272 14342 14214 14236 14313 14335 14313 14146 
14112 14111 14020 14071 14045 13964 14126 14014 13927 13900 
13734 13696 13591 13740 13867 13663 13853 13822 13909 13737 
311448 309604 310790 309496 309857 309328 310692 308502 310867 309286 
83186 82945 83681 84090 83691 83461 82517 82285 83729 84758 
62502 63309 61922 62812 61612 62356 61832 61758 61386 62852 
52124 52584 52920 52195 52678 51452 51827 51795 51425 51381 
45521 45587 45424 45447 45289 45281 45743 46189 45522 45480 
40941 41061 41373 41321 41026 41061 41166 41979 41251 40739 
38330 37825 37567 38119 38163 38019 37490 38262 37870 38282 
35715 35920 35778 35447 35968 35633 35499 36109 35756 35402 
34076 33506 34032 33657 34033 33901 34040 33678 33639 33787 
32518 32457 32477 32794 31986 32590 31905 32321 32335 32287 
31013 31196 31168 30936 31391 31117 31006 30995 31048 30905 
29993 30134 29879 29842 30128 29793 30087 29407 30046 29630 
29030 28879 28834 29383 29025 28996 29249 29155 29105 29193 
28219 28279 28189 28405 28598 28142 28166 28212 28284 28277 
27703 27693 27500 28168 27590 27725 27811 27534 27375 27569 
27115 26983 27017 27142 26972 27084 27418 27054 27222 27064 
26619 26383 26664 26419 26544 26343 26467 26309 26617 26406 
25999 26173 26195 25812 26107 26032 26105 26110 26030 25836 
25654 25583 25572 25726 25394 25605 25657 25693 25643 25528 
25346 25395 25288 25281 25297 25141 25387 25250 25298 25136 
24909 24842 24704 24908 25062 24878 25076 25019 25070 24866 
309315 309221 310271 308994 308307 309391 309132 311270 309608 309151 
80542 80119 80285 80937 80504 80737 79854 79734 80345 81519 
61770 62012 60959 61600 60584 61633 61482 61072 60741 62098 
51723 52538 53006 52251 52703 52219 52285 51964 51280 51483 
46074 46122 45907 45546 45897 46032 46287 46269 46132 45933 
41737 41856 42162 42348 41899 42155 42104 42604 41821 41775 
39416 38935 38680 38805 38619 38931 38921 39010 39234 39432 
37069 37038 37141 36745 37317 36842 36568 37066 36900 36396 
35543 35124 35096 34748 35166 34993 35220 35031 35120 35227 
33800 33924 33913 34216 33252 33676 33192 33595 33625 33767 
32492 32545 32638 32005 32612 32644 32748 32182 32543 32415 
31257 31662 31374 31310 31493 31363 31396 31072 31473 31482 
30582 30298 30445 30991 30576 30395 30680 30566 30508 30749 
29784 29558 29838 30045 29962 29632 29564 29604 29858 29651 
28929 29193 28935 29533 29302 29253 29140 29053 29021 29095 
28544 28566 28452 28562 28475 28610 28790 28563 28729 28472 
28130 27927 28122 27913 28098 28064 28010 27735 28115 27995 
27641 27527 27692 27343 27437 27402 27652 27487 27633 27272 
27328 26976 27106 27161 27083 27200 27194 27122 27248 27040 
26872 26882 26728 26761 26690 26696 26820 26668 26563 26457 
26260 26256 26325 26423 26437 26182 26396 26357 26751 26372 
184899 184793 185068 184694 184568 185023 184784 185518 185265 185255 
53779 53398 53738 54186 53874 54025 53478 53264 53768 54470 
46094 46256 45766 46154 45516 46053 45738 45801 45641 46102 
42559 43097 43214 42802 43148 42678 42731 42833 42575 42503 
40210 40190 40190 39991 40127 40185 40253 40577 40173 40184 
37159 37193 37509 37486 37375 37331 37623 37946 37376 36907 
35932 35737 35642 35835 35762 35654 35846 35846 35899 35911 
34888 34943 34857 34688 35104 34816 34742 35130 34956 34649 
34109 33866 33978 33872 33988 33797 34018 33858 34022 34032 
33172 33231 33287 33582 32851 33259 32787 32966 33147 33185 
32385 32391 32302 32123 32494 32402 32386 32354 32292 32338 
31496 31722 31484 31466 31603 31504 31616 31157 31580 31410 
30898 30860 30885 31101 30954 30894 30973 30914 30937 30998 
30744 30747 30695 30816 30811 30723 30725 30749 30760 30765 
30620 30629 30600 30709 30603 30656 30641 30616 30554 30601 
30510 30454 30477 30509 30519 30519 30588 30514 30512 30500 
30437 30381 30379 30428 30440 30431 30415 30380 30421 30368 
30299 30321 30328 30261 30328 30273 30273 30305 30275 30238 
30218 30165 30211 30206 30207 30158 30248 30232 30205 30159 
30158 30104 30109 30124 30105 30083 30170 30127 30059 30000 
29942 29872 29879 29954 29969 29967 30018 29990 30036 29946 
138921 138969 138995 138674 139120 138938 139029 138842 138843 139046 
73373 73560 72964 73958 73355 73378 73404 73260 73454 73460 
59798 59109 58655 59513 58607 59648 58878 58944 58668 60040 
50279 51136 50298 50080 50247 49851 49823 50102 49697 49580 
43127 42515 42197 41945 41897 42088 42289 43305 41980 42692 
37375 37136 37096 36835 36776 36861 36949 37393 37108 36009 
32500 32675 31694 31838 32504 32568 32204 32644 32827 32759 
29565 29858 29468 29183 30077 28834 29305 29516 29384 28165 
27132 26430 26809 26073 25876 26322 26712 26223 26063 26019 
24378 24554 24225 25097 23506 24170 23668 24030 24267 24561 
21804 22128 22546 21866 22314 22047 22319 22193 21851 21943 
20407 20721 20160 20400 20530 20119 20559 19905 20634 20434 
18979 18996 18980 19641 19278 19176 19320 19177 19151 19292 
17694 17913 17522 18004 18235 17872 17648 17719 18089 18161 
17038 16999 16832 17339 16867 17013 16938 16960 16462 16902 
16046 15966 16002 16019 15916 15994 16339 16062 15983 16193 
15521 15079 15360 15280 15732 15242 15146 15057 15581 15342 
14731 14745 14957 14349 14841 14730 14997 14667 14603 14410 
14184 13999 14052 14312 13887 14041 14176 14274 14190 13891 
13933 13836 13634 14094 13642 13591 13929 13884 13432 13547 
13285 13249 13075 13008 13446 13125 13505 13379 13725 13111 
222601 222424 222277 222916 222584 222971 223056 222370 222939 223440 
63773 63676 63667 64106 64360 63791 63273 63233 63539 64489 
49293 49888 49276 49164 48890 49324 48938 48768 48575 49640 
41386 42285 42307 41462 42285 41504 41483 41384 41185 40931 
36772 36958 36893 36562 36353 36558 37122 37456 36860 36550 
33150 33237 33714 33535 33408 33238 33329 33835 33340 32864 
30921 30759 30614 30843 30981 30945 30309 30808 30740 31079 
29033 28835 29108 28547 29303 28943 28665 29051 28915 28525 
27247 27164 27349 27225 27440 27076 27402 27149 27086 27347 
25937 26285 25884 26385 25522 26291 25719 25792 25966 25638 
24824 24937 24778 24734 24987 24809 24760 24466 24902 24613 
23823 24068 23717 23635 23910 23532 23659 23491 23907 23575 
23039 22624 22858 23073 22889 22906 23015 22973 23018 22822 
22111 22049 22130 22085 22299 21994 21841 22179 22229 22242 
21498 21508 21411 21801 21532 21434 21625 21414 21243 21408 
20905 20874 20810 20775 20821 20810 20993 20895 21014 20928 
20311 20160 20459 20169 20388 20182 20308 20075 20408 20262 
19706 19834 19976 19545 19853 19629 19883 19820 19900 19625 
19274 19220 19272 19450 19221 19309 19263 19155 19273 19265 
19004 19068 18729 18919 18905 18782 19149 18793 18835 18782 
18320 18314 18234 18499 18587 18415 18533 18536 18631 18529 
297197 297259 297868 296820 296329 297580 296983 298550 297844 297659 
67372 67099 67209 67902 67430 67753 66753 66594 67409 68548 
50217 50074 49277 50109 48850 49925 49679 49343 49091 50366 
41333 42157 42501 41798 42270 41653 41601 41517 40881 41093 
36547 36660 36614 36275 36355 36595 36680 36943 36714 36478 
33336 33383 33692 33769 33375 33556 33582 34003 33500 33244 
31599 31331 31025 31156 31027 31135 31185 31373 31390 31454 
30017 29914 29822 29621 30131 29798 29530 30059 29800 29462 
28743 28566 28648 28373 28617 28440 28557 28574 28563 28650 
27631 27771 27826 27921 27300 27720 27260 27507 27672 27618 
26905 26919 26847 26633 27019 26881 26927 26685 26838 26772 
26112 26334 26137 26098 26251 26093 26202 25911 26221 26254 
25631 25505 25588 25908 25631 25521 25739 25669 25688 25802 
25193 25115 25136 25338 25343 25039 25082 25182 25266 25160 
24767 24796 24657 25014 24864 24938 24837 24725 24737 24771 
24445 24498 24371 24475 24494 24457 24550 24474 24517 24447 
24222 24163 24194 24157 24262 24221 24223 24077 24293 24165 
23955 24024 24049 23802 23947 23836 24003 23902 23914 23763 
23695 23622 23711 23749 23613 23719 23711 23689 23746 23595 
23584 23547 23491 23498 23489 23418 23572 23494 23430 23370 
23224 23169 23122 23293 23314 23194 23341 23260 23421 23270 
170932 163260 162928 163280 163604 164779 169773 160930 166851 156918 
73435 74136 73417 73646 73766 73984 73813 73180 73620 74372 
60774 60517 60126 60528 59639 60244 60255 59843 59228 60651 
52746 53542 53298 52625 52841 52887 52401 52494 52291 52379 
47334 47255 47236 47129 47142 46624 47552 47685 47738 47132 
44019 43774 43788 43605 43644 43626 43696 44305 43804 43304 
40802 40736 40682 40732 40359 40847 40517 40998 40963 41374 
38850 38813 38834 38800 39343 38815 38486 39243 38898 38074 
36983 36983 37372 36748 37038 36649 36829 37146 36847 37064 
35533 35313 36034 35806 35217 35623 35024 35231 35512 35535 
34645 34129 34275 33697 34015 34198 34486 34231 33983 34185 
33207 33145 32936 32936 32996 32850 33020 32700 33023 33022 
32067 31985 32073 32686 32050 32079 32087 31808 32270 32090 
31231 30798 31044 31498 31266 30884 30809 31528 31310 31295 
30455 30646 30169 30871 30470 30664 30363 30271 30488 30073 
29943 30058 29582 29581 29962 29837 29834 29856 30154 29708 
29517 28976 29419 29168 29294 29138 28905 29230 29164 29246 
28852 28463 28960 28476 28940 28330 28666 28945 28652 28680 
28136 27917 28306 28201 28137 28163 28159 28279 28195 27788 
28094 28134 27663 27684 27885 27530 27839 27693 27745 27643 
27237 27277 27262 27360 27463 27201 27450 27318 27432 27279 
184908 184819 185098 184695 184580 185044 184786 185525 185279 185289 
54046 53810 54029 54527 54220 54359 53824 53571 54055 54827 
46077 46257 45729 46162 45490 46057 45646 45816 45592 46148 
41608 42392 42516 42077 42415 41803 41917 41935 41552 41466 
37966 37983 38095 37922 37943 38120 38142 38319 37945 38085 
36022 36038 36267 36243 36171 36216 36325 36523 36152 35883 
34691 34494 34294 34467 34509 34438 34527 34722 34509 34722 
33120 33287 33141 32939 33370 32948 32982 33399 33181 32733 
32170 31983 32098 32028 32031 31919 31996 31993 32033 32052 
31516 31539 31608 31719 31358 31616 31249 31406 31539 31553 
30958 31090 31026 30909 31107 31062 31092 30943 30954 30986 
30449 30560 30386 30429 30516 30372 30492 30244 30546 30396 
29849 29757 29841 30186 29986 29833 30033 29962 29986 29965 
29363 29277 29254 29490 29561 29149 29209 29371 29472 29424 
28840 28940 28629 29137 28851 28977 28843 28737 28650 28750 
28114 28182 28112 28226 28167 28095 28441 28129 28340 28100 
27607 26987 27581 27314 27575 27399 27206 27149 27440 27256 
26595 26565 26875 25921 26566 26194 26636 26621 26527 26029 
25578 25094 25539 25701 25279 25545 25667 25702 25731 24827 
24889 24839 24253 24662 24549 23954 24896 24365 24082 23779 
22945 22926 22882 23038 23639 22949 23558 23487 23983 22949 
