MergeSort QuickSort TimSort OESM Cook_Kim InsertionSort LIS BothAlgo2 TwoMomentSort DDS LIS_small BothAlgo_small DirtyClean4 TwoMomentSort_small 
14 21 10
8730 8726 8713 8687 8711 8700 8707 8736 8713 8733 
6409 6404 6575 6500 6511 6462 6499 6438 6517 6550 
6167 6065 6093 6111 6173 6231 6123 6006 6085 6218 
5803 5901 5902 5842 5906 5834 5804 5955 5844 5904 
5707 5776 5772 5755 5770 5744 5715 5720 5733 5740 
5679 5631 5646 5598 5635 5598 5652 5674 5713 5646 
5580 5541 5534 5549 5533 5552 5504 5571 5573 5594 
5466 5550 5523 5546 5485 5504 5524 5497 5521 5491 
5476 5436 5423 5441 5429 5472 5493 5460 5473 5440 
5382 5393 5373 5430 5361 5446 5396 5396 5439 5404 
5373 5375 5366 5378 5354 5417 5412 5391 5394 5376 
5375 5349 5361 5330 5368 5353 5326 5353 5344 5345 
5310 5348 5328 5352 5322 5333 5382 5313 5308 5321 
5261 5308 5287 5334 5294 5308 5307 5294 5304 5323 
5280 5281 5296 5327 5283 5286 5311 5297 5271 5279 
5281 5263 5283 5299 5269 5265 5294 5276 5291 5257 
5232 5224 5253 5274 5270 5286 5259 5228 5238 5269 
5244 5229 5237 5224 5218 5234 5217 5219 5261 5235 
5239 5216 5230 5217 5233 5224 5244 5245 5207 5229 
5226 5245 5210 5223 5205 5225 5203 5213 5211 5233 
5204 5226 5215 5207 5208 5227 5189 5225 5208 5187 
11050 12353 11066 10462 10991 10968 10729 10053 10735 11016 
10500 11236 12619 11921 11720 10953 11220 12001 10559 10762 
10516 10663 10931 11290 10021 10643 11070 10717 10525 10463 
11364 12155 12766 11374 12169 10932 10970 10409 10842 10670 
11114 10572 10039 10935 10809 11066 11280 11242 10035 10913 
11025 10531 12444 9992 10552 10885 10789 9879 9911 10016 
10631 11077 10117 11011 11414 10446 10403 10671 11219 10798 
11045 10712 10637 11017 12479 11497 11032 11177 10284 11002 
10960 10686 12174 10889 10266 10902 10994 10973 10948 12846 
11385 11699 10338 11714 10644 11747 10655 10641 10980 11601 
11196 10460 10957 10739 11871 11906 10464 12523 11413 10617 
11244 10768 10264 11832 11389 10647 10351 11114 11316 10961 
10397 10639 10027 11575 11903 11293 10912 10672 10591 11115 
10268 10050 10879 10273 10880 11515 11380 12078 12269 12125 
11236 11266 10538 10025 10536 11295 11674 10784 10441 11366 
10707 10759 10555 11706 10468 10113 12232 11237 10152 11344 
12729 11158 10836 10399 10749 10235 10959 10662 10885 11928 
12170 10016 10653 11303 11919 12346 11459 11769 10756 10429 
10576 11300 10982 11741 11426 10861 10899 10576 11259 11187 
10663 10714 12473 11335 10851 10907 11173 10004 11080 10260 
10879 12387 12023 11223 10613 11657 10945 10910 10615 10995 
13380 13649 13388 13675 13535 13656 13674 13456 13398 13675 
8121 8904 8869 8573 8236 8668 8840 8623 9214 8920 
7291 7088 6616 6588 6851 7354 7230 6950 7057 7082 
6129 6202 6050 5912 6001 5899 5878 6392 6008 6042 
5554 5615 5606 5698 5695 5308 5620 5456 5597 5505 
5201 5060 5166 5030 5077 5004 5246 5212 5549 5280 
4895 4949 4813 4713 4773 4846 4766 5023 4889 5124 
4582 4733 4829 4750 4686 4725 4741 4717 4687 4719 
4672 4534 4467 4464 4481 4669 4631 4583 4583 4617 
4325 4426 4329 4470 4327 4451 4386 4398 4456 4373 
4282 4353 4234 4334 4218 4471 4425 4323 4324 4332 
4225 4233 4287 4165 4235 4218 4173 4283 4225 4221 
4175 4219 4192 4175 4172 4180 4206 4150 4136 4132 
4018 4123 4079 4163 4101 4073 4084 4088 4129 4153 
4049 4033 4082 4165 4094 4023 4133 4117 4040 4062 
4025 4052 4037 4049 4020 4038 4010 4031 4070 4033 
3985 3960 3998 4068 4022 4021 4020 4005 3961 4005 
3951 3985 3983 3913 3894 3959 3918 3928 3946 3929 
3918 3903 3958 3899 3909 3947 3918 3966 3912 3907 
3919 3879 3918 3927 3868 3921 3889 3890 3883 3949 
3902 3923 3879 3884 3880 3895 3841 3874 3864 3868 
9194 9209 9240 9217 9229 9269 9241 9251 9207 9240 
7277 7402 7407 7478 7322 7415 7403 7309 7349 7418 
7143 7116 7068 7060 7109 7144 7084 7082 7055 7117 
6957 7034 6980 6864 6999 6897 6983 6977 6980 6796 
6757 6794 6833 6882 6859 6765 6758 6866 6870 6831 
6629 6545 6797 6535 6380 6479 6723 6799 6831 6679 
6388 6404 6179 6140 6068 6421 6305 6607 6550 6481 
6002 6154 6272 5944 6160 6197 6126 6283 6148 6186 
6178 6070 5952 5810 5862 6187 6186 5920 6236 6096 
5862 5953 5784 5921 5835 5953 5768 5704 5883 5938 
5794 5737 5757 5971 5778 5955 5928 5764 5739 5858 
5761 6045 5836 5910 5704 5492 5738 5814 5933 5649 
5769 5734 5751 5823 5812 5806 5822 5732 5380 5503 
5572 5468 5625 5721 5489 5525 5691 5452 5902 5824 
5658 5581 5606 5758 5581 5512 5609 5932 5611 5608 
5165 5897 5418 5610 5279 5429 5534 5689 5726 5430 
5416 5422 5627 5702 5477 5540 5565 5604 5313 5793 
5628 5601 5325 5352 4865 5290 5294 5334 5251 4939 
5116 4622 5482 5607 5217 5409 5220 5516 6052 5213 
5220 4990 5035 4906 4863 5568 4827 5042 4911 5234 
5186 5301 4897 5002 4693 4591 4978 5093 5025 4677 
16987 17113 16664 17001 17065 17101 17189 16871 17008 16858 
11953 12841 12742 12272 12332 12439 12642 12411 12663 12513 
9969 9943 9520 9987 9814 10223 9896 9394 9890 10196 
7971 8083 8175 7732 8324 8119 7913 8858 7772 7843 
7096 7516 7218 7242 7149 7028 7264 7212 7211 7039 
6401 6405 6318 6169 6322 6307 6568 6471 7231 6604 
5956 5863 5696 5400 5514 5791 5582 5962 5773 6179 
5153 5487 5661 5603 5305 5488 5513 5737 5457 5409 
5437 5180 5045 5035 5086 5251 5323 5235 5183 5261 
4682 4961 4731 4858 4608 5077 4894 5002 4909 5017 
4547 4669 4386 4694 4489 4920 4970 4478 4723 4716 
4613 4460 4636 4483 4722 4362 4316 4695 4542 4458 
4381 4409 4446 4551 4552 4550 4490 4528 4399 4237 
4125 4279 4167 4355 4158 4242 4159 4157 4213 4318 
4146 4014 4126 4434 4219 4091 4269 4375 3928 4167 
4007 4082 4079 4275 4023 3968 3956 4104 4196 4292 
4020 3953 3956 4083 4071 3964 4010 3965 3934 4176 
3943 3983 3896 3755 3739 3968 3845 3829 3970 3802 
3751 3571 3716 3638 3756 3799 3890 3802 3740 3790 
3668 3748 3741 3851 3653 3739 3750 3760 3760 3905 
3698 3892 3641 3674 3756 3695 3503 3694 3689 3640 
247414 250101 252919 255245 235836 242194 246215 258565 256434 249495 
8872 9091 12558 10265 10874 10361 10221 9204 11667 10444 
6648 5759 5613 5258 6841 7169 6263 5528 5932 5906 
4013 4471 4283 3712 4220 3858 3881 4648 3894 4070 
3198 3523 3435 3578 3472 3242 3461 3433 3367 3349 
2933 2795 2820 2682 2718 2669 2949 3034 3259 2895 
2510 2485 2421 2259 2329 2435 2306 2606 2471 2680 
2131 2299 2380 2317 2319 2285 2332 2342 2300 2273 
2173 2055 1968 2054 2018 2201 2152 2119 2089 2133 
1849 1940 1880 1985 1826 2006 1923 1876 1969 1923 
1810 1830 1749 1839 1731 1973 1938 1849 1852 1850 
1741 1772 1789 1675 1759 1717 1691 1797 1773 1720 
1662 1698 1710 1694 1677 1674 1716 1675 1644 1622 
1509 1609 1534 1679 1609 1565 1609 1588 1637 1663 
1554 1544 1569 1679 1563 1532 1632 1621 1544 1564 
1518 1547 1529 1558 1495 1555 1529 1513 1556 1519 
1492 1442 1491 1552 1527 1519 1529 1504 1458 1520 
1452 1454 1473 1411 1367 1451 1401 1429 1434 1428 
1427 1365 1434 1390 1395 1451 1418 1472 1400 1431 
1401 1374 1390 1418 1364 1404 1362 1367 1375 1460 
1366 1413 1366 1365 1366 1363 1331 1368 1380 1339 
20528 21088 21094 20946 20809 20900 20961 20800 20571 21065 
7755 8135 8884 8068 8337 8135 8304 8123 8699 8493 
6561 6081 6198 6176 6500 6954 6206 6119 6248 6325 
5051 5197 5292 5053 5344 5054 4976 5483 4993 5231 
4553 4760 4712 4766 4576 4442 4686 4626 4583 4621 
4147 4146 4128 3955 4077 3903 4186 4317 4527 4249 
3812 3730 3696 3603 3611 3753 3693 3894 3775 3944 
3408 3685 3708 3638 3537 3554 3711 3567 3585 3536 
3525 3355 3267 3329 3338 3393 3525 3444 3357 3386 
3084 3186 3131 3303 3066 3326 3175 3162 3301 3193 
3098 3134 2999 3112 2912 3208 3190 3145 3110 3084 
3021 2975 3002 2853 3020 2960 2905 3000 3007 2967 
2839 2902 2920 2944 2887 2882 2946 2897 2869 2842 
2711 2799 2725 2918 2772 2766 2791 2798 2833 2931 
2710 2687 2723 2855 2710 2665 2843 2812 2702 2744 
2691 2676 2715 2739 2714 2676 2692 2685 2724 2659 
2634 2582 2692 2743 2666 2690 2719 2610 2585 2687 
2632 2622 2635 2555 2478 2630 2539 2542 2606 2548 
2568 2491 2573 2509 2562 2557 2509 2553 2506 2590 
2524 2454 2487 2593 2446 2550 2457 2469 2506 2605 
2503 2550 2466 2515 2484 2486 2393 2453 2466 2445 
20871 21109 21254 20975 20882 20967 20963 21282 21207 21109 
7547 7710 8402 7966 7968 7917 8034 7818 8390 8079 
6497 6139 6132 5981 6197 6586 6218 6081 6121 6242 
5182 5387 5161 4969 5301 5027 5030 5538 5080 5165 
4509 4846 4692 4858 4800 4520 4747 4707 4661 4687 
4315 4161 4232 4113 4121 4153 4266 4359 4586 4352 
3906 3891 3777 3757 3752 3911 3726 3989 3931 4088 
3610 3752 3822 3739 3693 3767 3769 3772 3795 3694 
3565 3492 3378 3431 3438 3649 3601 3559 3560 3595 
3264 3362 3242 3373 3200 3412 3296 3260 3426 3335 
3198 3203 3133 3238 3054 3402 3325 3263 3200 3195 
3154 3106 3206 3099 3134 3058 3111 3182 3148 3095 
3040 3086 3060 3088 3084 3054 3138 2968 3050 2998 
2900 2970 2863 3032 2935 2925 2957 2941 3001 2994 
2918 2841 2915 3042 2902 2843 2999 2951 2879 2865 
2840 2853 2852 2913 2835 2861 2818 2841 2869 2802 
2799 2744 2799 2896 2848 2838 2843 2785 2755 2870 
2755 2777 2752 2668 2626 2813 2690 2687 2698 2723 
2744 2667 2712 2634 2671 2715 2694 2719 2641 2694 
2667 2653 2651 2705 2569 2675 2600 2622 2621 2708 
2653 2654 2628 2604 2653 2639 2609 2645 2663 2566 
11850 12041 11952 12012 11843 11900 11945 12067 12097 11971 
5110 5171 5599 5288 5323 5344 5331 5169 5544 5365 
4710 4553 4538 4471 4676 4834 4627 4528 4615 4591 
4215 4317 4276 4152 4263 4184 4181 4356 4191 4227 
3955 4051 4041 4075 4081 3974 4056 4009 4032 4006 
3794 3687 3718 3656 3655 3656 3818 3912 4009 3799 
3575 3565 3559 3481 3531 3586 3494 3632 3577 3642 
3385 3493 3525 3494 3497 3482 3513 3510 3486 3472 
3439 3381 3338 3362 3349 3440 3426 3412 3399 3415 
3243 3298 3255 3341 3197 3380 3268 3272 3320 3321 
3202 3190 3107 3202 3115 3334 3293 3221 3222 3235 
3127 3141 3184 3078 3165 3113 3068 3180 3191 3093 
3072 3106 3079 3086 3087 3090 3097 3086 3066 3066 
3036 3047 3042 3092 3072 3052 3058 3058 3068 3076 
3049 3046 3062 3084 3055 3027 3057 3069 3051 3049 
3032 3050 3030 3050 3034 3046 3030 3032 3048 3042 
3027 3021 3043 3052 3034 3038 3044 3040 3021 3047 
3018 3023 3023 3009 2984 3024 3004 3008 3008 2997 
3004 2983 3023 3006 3002 3025 3002 3032 3000 3020 
2996 2980 2999 2996 2967 3002 2988 2969 2983 3018 
2982 3009 2973 2985 2978 2985 2960 2979 2983 2963 
9844 9814 9906 9892 9807 9840 9846 9886 9895 9914 
5753 5924 6150 5949 5894 5998 6049 5930 6118 6074 
4822 4831 4703 4826 4911 5193 4943 4798 4850 5012 
4083 4164 4213 3920 4072 3966 4054 4229 4035 4077 
3554 3712 3649 3612 3673 3474 3545 3496 3595 3472 
3101 3156 3034 2952 3180 2971 3050 3168 3491 3084 
2756 2751 2736 2450 2478 2699 2538 2819 2710 2836 
2351 2579 2617 2503 2401 2424 2587 2594 2573 2503 
2426 2139 2083 2187 2166 2344 2368 2284 2242 2344 
1934 1974 1912 2114 1883 2094 2128 2036 2162 2122 
1909 1959 1759 1906 1758 2087 2064 1909 1927 1952 
1777 1752 1795 1685 1826 1737 1613 1849 1762 1753 
1621 1710 1699 1696 1696 1738 1749 1660 1632 1687 
1430 1538 1459 1732 1586 1561 1557 1568 1578 1642 
1467 1465 1516 1724 1512 1469 1599 1652 1508 1484 
1407 1439 1482 1478 1435 1472 1412 1426 1485 1488 
1366 1369 1419 1444 1426 1422 1482 1455 1432 1443 
1340 1363 1396 1270 1226 1351 1287 1321 1304 1289 
1318 1202 1292 1257 1294 1350 1307 1284 1305 1374 
1316 1247 1301 1288 1239 1292 1240 1254 1238 1358 
1278 1314 1190 1288 1252 1250 1174 1218 1218 1214 
15623 15634 15812 15535 15760 15749 15505 15692 15519 15650 
5980 6143 6725 6199 6486 6325 6527 6256 6623 6395 
5182 4937 4932 4903 5097 5362 4897 4777 5003 5024 
4174 4150 4185 4036 4312 4046 4042 4425 4087 4212 
3665 3862 3752 3733 3726 3588 3814 3714 3681 3704 
3425 3417 3404 3218 3272 3180 3422 3437 3636 3446 
3104 3075 3094 2955 2948 3104 2940 3169 3095 3217 
2736 2903 2931 2945 2864 2799 2914 2946 2982 2868 
2848 2748 2615 2667 2757 2784 2821 2781 2715 2764 
2500 2533 2489 2608 2441 2683 2509 2572 2613 2604 
2472 2448 2379 2448 2359 2612 2504 2489 2444 2467 
2382 2314 2363 2280 2379 2388 2277 2309 2356 2347 
2277 2335 2320 2347 2216 2269 2304 2296 2255 2263 
2086 2180 2176 2295 2173 2135 2229 2190 2211 2310 
2137 2083 2142 2221 2171 2045 2169 2217 2052 2154 
2148 2063 2132 2157 2096 2029 2104 2117 2084 2051 
2035 1993 2036 2134 2104 2102 2067 1966 1984 2087 
1963 1969 2012 1912 1912 2006 1906 1931 1954 1942 
1895 1901 1968 1880 1915 1923 1937 1915 1833 1919 
1915 1872 1862 1952 1811 1923 1825 1814 1877 1942 
1816 1924 1800 1820 1860 1857 1734 1890 1838 1798 
19742 19795 20007 19819 19759 19811 19832 20010 19968 19844 
6224 6466 7107 6707 6672 6578 6701 6508 7081 6785 
5241 4998 4957 4829 5114 5454 5046 4897 5023 5063 
4164 4318 4133 3911 4262 3972 4023 4474 4052 4122 
3586 3872 3743 3873 3800 3619 3795 3757 3743 3745 
3461 3314 3407 3258 3290 3265 3434 3469 3646 3436 
3151 3104 3052 2977 3046 3086 3005 3204 3147 3271 
2900 3048 3094 3012 2993 3068 3035 3037 3007 2983 
2879 2826 2776 2809 2800 2936 2915 2876 2850 2905 
2682 2766 2693 2742 2646 2804 2688 2663 2793 2739 
2641 2672 2597 2685 2590 2786 2773 2698 2681 2658 
2628 2631 2639 2574 2622 2572 2607 2648 2643 2616 
2546 2576 2568 2591 2588 2568 2589 2543 2526 2516 
2438 2528 2451 2563 2528 2475 2494 2483 2532 2527 
2482 2441 2475 2554 2463 2430 2503 2492 2453 2484 
2447 2445 2433 2461 2428 2453 2438 2421 2462 2425 
2397 2390 2403 2447 2446 2477 2434 2420 2388 2462 
2398 2389 2391 2356 2313 2385 2348 2326 2390 2349 
2353 2330 2369 2344 2334 2381 2354 2394 2313 2366 
2356 2335 2325 2354 2306 2343 2306 2333 2313 2361 
2329 2348 2323 2326 2330 2330 2264 2306 2315 2297 
12215 11824 12387 11619 11989 11335 12036 12351 12003 12505 
6948 6886 7217 6922 6959 7040 6852 6981 7174 7045 
5882 5706 5857 5827 5722 6040 5917 5706 5737 5908 
5089 5256 5196 4908 5110 4957 5104 5322 5034 5104 
4668 4812 4523 4747 4643 4599 4708 4660 4625 4660 
4264 4269 4307 4052 4300 4165 4359 4332 4573 4364 
3990 4000 3883 3818 3909 4025 3856 4049 3991 4147 
3692 3794 3855 3864 3914 3765 3927 3894 3750 3869 
3641 3578 3557 3561 3604 3646 3693 3672 3612 3722 
3432 3495 3280 3490 3425 3538 3470 3351 3614 3506 
3268 3434 3264 3348 3184 3517 3435 3402 3243 3278 
3261 3210 3305 3124 3286 3248 3195 3234 3239 3265 
3109 3196 3081 3195 3185 3105 3163 3126 3168 3090 
2968 3126 2992 3146 2992 3049 3031 2994 3111 3109 
2999 3020 3011 3090 2999 2896 3115 3046 2948 2990 
2943 2957 2967 2960 2982 2935 2925 2927 2913 2882 
2887 2842 2860 2997 2912 2911 2904 2891 2789 2869 
2871 2856 2854 2796 2666 2801 2801 2750 2743 2717 
2786 2712 2728 2699 2734 2792 2764 2805 2689 2789 
2737 2763 2774 2787 2645 2794 2691 2706 2736 2807 
2704 2741 2666 2683 2651 2726 2534 2700 2686 2693 
11851 12050 11961 12005 11843 11908 11943 12075 12106 11972 
5087 5160 5541 5281 5284 5308 5268 5170 5527 5341 
4689 4538 4507 4416 4662 4820 4623 4497 4586 4569 
4082 4274 4215 3997 4153 4070 4065 4294 4058 4124 
3770 3880 3815 3874 3871 3754 3855 3821 3818 3800 
3669 3583 3616 3530 3579 3555 3657 3707 3793 3661 
3426 3461 3415 3284 3346 3448 3342 3529 3468 3551 
3201 3333 3359 3354 3342 3322 3346 3371 3286 3295 
3234 3173 3155 3170 3156 3272 3210 3210 3206 3210 
3090 3132 3131 3159 3074 3162 3127 3126 3161 3129 
3065 3078 3017 3065 3007 3151 3139 3087 3083 3110 
3026 3053 3065 2977 3056 3011 2965 3043 3068 3017 
2943 3003 3004 2988 2977 2981 2999 2968 2926 2919 
2792 2935 2827 3007 2911 2876 2884 2866 2945 3014 
2846 2839 2867 2956 2884 2771 2943 2919 2820 2834 
2775 2779 2835 2854 2761 2824 2793 2805 2855 2771 
2686 2596 2732 2861 2751 2795 2783 2752 2655 2816 
2724 2663 2706 2504 2367 2555 2468 2507 2544 2550 
2511 2363 2526 2296 2478 2610 2454 2649 2377 2573 
2532 2278 2440 2422 2289 2406 2260 2285 2396 2634 
2287 2494 2285 2283 2290 2342 2250 2287 2290 2266 
