MergeSort QuickSort TimSort OESM Cook_Kim InsertionSort LIS BothAlgo2 TwoMomentSort DDS 
10 21 30
69008 69008 69008 69008 69008 69008 69008 69008 69008 69008 69008 69008 69008 69008 69008 69008 69008 69008 69008 69008 69008 69008 69008 69008 69008 69008 69008 69008 69008 69008 
72787 72761 72783 72811 72756 72847 72764 72874 72844 72809 72788 72810 72864 72794 72809 72748 72787 72869 72766 72869 72812 72815 72744 72854 72691 72870 72759 72748 72690 72724 
74309 74376 74267 74440 74478 74337 74293 74358 74370 74346 74411 74386 74397 74456 74411 74315 74243 74351 74326 74359 74402 74397 74354 74257 74474 74370 74466 74333 74512 74486 
75393 75405 75401 75489 75437 75524 75396 75515 75575 75580 75460 75443 75388 75475 75605 75390 75432 75482 75460 75389 75522 75418 75413 75480 75528 75476 75525 75512 75407 75296 
76547 76349 76361 76336 76362 76272 76249 76316 76369 76400 76454 76403 76381 76422 76392 76314 76358 76332 76318 76500 76360 76391 76389 76357 76240 76242 76548 76324 76370 76386 
77009 77086 77011 76987 77067 77113 77073 76985 76963 77155 77141 76894 77043 77111 76993 77052 77000 77018 76980 77017 77057 76959 77040 77162 77199 76952 77186 77113 76934 77090 
77647 77694 77666 77588 77710 77533 77580 77543 77657 77505 77766 77330 77569 77614 77674 77496 77692 77562 77629 77469 77567 77681 77751 77700 77545 77658 77606 77744 77661 77573 
78235 78115 78178 78220 78279 78125 78139 77916 78191 78388 78167 78161 78176 78138 78028 78175 77988 78211 78137 78288 78136 78101 78202 78007 78333 78031 78128 78128 78294 78002 
78338 78555 78617 78633 78555 78533 78470 78554 78392 78592 78476 78439 78564 78468 78603 78725 78499 78520 78599 78689 78541 78578 78525 78598 78593 78508 78464 78586 78478 78447 
78919 79011 78955 78802 78884 78891 79130 78810 78776 78996 79135 78972 78989 79051 79177 79069 79022 79001 78862 79068 78906 78897 79075 78854 78966 78920 79059 78912 79102 78939 
79386 79378 79391 79277 79312 79369 79172 79175 79383 79499 79288 79189 79532 79411 79452 79297 79433 79279 79337 79266 79154 79266 79349 79301 79366 79544 79419 79313 79321 79419 
79722 79589 79815 79689 79474 79651 79766 79828 79666 79677 79646 79644 79696 79769 79555 79624 79664 79698 79894 79672 79634 79853 79621 79778 79775 79722 79658 79795 79771 79875 
80059 80101 80022 80024 80102 80056 79928 79983 80028 80003 80097 80044 79978 79864 80125 80026 79953 79798 80090 79842 80248 79975 80177 80138 80043 79865 80070 80025 79940 79849 
80339 80345 80550 80307 80061 80247 80259 80362 80146 80186 80443 80082 80186 80157 80433 80294 80321 80397 80310 80530 80248 80183 80193 80282 80301 80224 80371 80131 79951 80368 
80547 80489 80678 80561 80584 80662 80388 80509 80539 80758 80570 80502 80425 80607 80716 80625 80467 80676 80505 80544 80657 80405 80771 80703 80559 80440 80716 80752 80542 80647 
80956 80826 80712 80709 80792 80872 80733 81045 80734 80906 80779 80825 80847 80646 80750 80751 80875 80883 80894 80872 80860 80748 80723 80787 80867 80810 80801 80831 80786 80875 
81018 81077 81046 81137 81114 81081 81181 81110 81056 80999 81037 80959 81017 81041 81046 80829 81039 81161 80887 80865 81102 81139 81094 80868 81065 81074 81178 80996 81155 81180 
81249 81461 81177 81321 81391 81412 81407 81202 81191 81350 81406 81262 81272 81241 81271 81252 81264 81279 81358 81355 81209 81095 81152 81351 81312 81308 81216 81148 81245 81102 
81413 81587 81506 81406 81445 81579 81579 81451 81567 81498 81352 81555 81502 81606 81468 81463 81278 81437 81483 81579 81326 81722 81417 81610 81495 81524 81539 81310 81447 81394 
81686 81598 81887 81843 81737 81565 81728 81794 81670 81567 81522 81874 81657 81567 81600 81656 81631 81549 81657 81696 81735 81814 81774 81774 81715 81661 81779 81580 81867 81808 
81702 81880 82005 81814 81870 81859 81920 82003 82011 81913 81907 81987 81777 82035 81845 81907 82140 81918 81874 81742 81924 81821 81844 81857 81862 81742 81981 81985 81935 81866 
147308 152001 152896 152561 151386 155628 154766 160317 156108 155078 156007 150835 152114 151216 152035 155994 183938 163101 159957 157080 152786 149069 152152 158010 160376 158770 164418 155267 154781 164154 
154564 158940 162482 154867 158151 161409 154379 149225 149917 148529 160787 163411 149026 146868 158023 161969 154726 170733 151275 154025 166652 152923 151605 158689 150803 158060 153994 160562 148997 167625 
158688 149477 152993 155494 153501 167874 149434 150037 149739 161086 152309 156382 156027 155648 149767 151118 151755 156561 154536 153316 145869 147995 149070 169377 149326 167230 160424 148018 152144 157738 
153740 149310 159803 166914 149445 162935 155867 167711 152259 156270 161768 167188 152284 161366 173842 148025 160722 153155 154726 149590 145587 153967 155982 154171 148675 149737 171300 159869 164776 144686 
148569 147908 158609 149088 164162 156915 153983 144509 152688 148052 148601 145527 150004 148899 165273 153848 166063 153852 151012 156613 156940 156492 159327 148953 148716 151704 150406 144455 152596 158865 
144541 148834 150745 145846 155592 149127 163962 154618 166585 169109 167789 152666 161768 157312 154801 157343 152684 163634 164037 149304 161249 150973 160950 153680 154789 167517 156891 146956 169402 172069 
167698 148335 150801 143569 154260 152512 165090 153688 155639 165963 163861 160469 149885 164735 151575 153976 157653 164667 152742 156763 156564 149650 153097 157725 148599 154487 176127 167957 151121 151096 
149162 156561 145311 155256 158235 163568 149792 151025 154016 150203 159222 152268 155036 154777 171603 149107 161061 154225 152135 162598 154128 160389 147855 148137 157050 149317 163785 161313 155932 151991 
158746 171446 158683 161456 152312 151874 160351 148918 154509 162837 151674 152320 161603 143891 149194 160642 149044 161963 156173 152199 160218 149892 153234 155774 151557 157204 165210 150509 155740 150002 
149504 152128 154035 147657 160690 144468 149557 152851 154751 151570 158168 152687 158377 152075 156863 154218 146391 161126 152428 155455 159825 152621 155866 162514 157793 158856 155456 149466 170751 148093 
154421 158366 151299 159790 157574 148788 163163 180487 147815 157670 159209 152077 152887 163343 146434 164066 154648 150484 152639 160304 151146 155862 163836 161445 150466 152905 157687 149861 149468 159377 
144371 153902 165166 148605 156958 157203 149779 147866 158466 164132 151689 147437 155639 154364 149705 148111 143938 166807 159325 155686 147882 149837 147831 154543 154579 158857 144100 152099 150640 145685 
150155 154056 143976 155056 150156 155060 149421 149348 155929 156168 149699 151280 155036 162551 148606 146965 154924 146831 165001 150230 153132 175512 154836 149489 156644 159933 161409 160395 156512 159136 
169854 154140 152715 153292 161089 153633 166673 147604 159580 161074 149804 156354 157993 159961 148529 151179 170502 155045 160587 152905 152657 183017 156548 154574 168524 150143 153526 169247 156168 151440 
154052 149996 146365 145468 149078 151405 150494 168496 155650 160153 180818 152138 154291 156293 161754 151777 173881 157425 150450 151855 166728 161879 165034 163167 154640 159399 144184 162561 148970 148554 
170128 161065 141975 147727 155227 161705 148345 147846 155442 154906 149193 169540 147735 147340 153094 163008 155640 166522 154653 150171 158790 148394 156748 148745 156936 147976 151348 155679 154957 154508 
164329 149980 152994 157475 149772 152734 153049 152170 156803 158998 160908 151701 149098 164786 171211 146014 167042 161518 155168 159640 151434 151516 161749 149705 160734 157357 155017 151561 150634 146997 
148687 151865 154196 158341 156207 154315 150685 157527 171158 162989 161913 165142 156596 159066 152107 148600 158665 146676 152004 160286 167315 156835 152232 152932 154030 159731 159887 157022 152636 156375 
153948 149858 158838 154921 150176 161700 141736 149916 158165 154807 154768 151783 150299 154077 148332 169301 153049 163203 168146 153336 156865 155638 158075 153274 152786 168532 148610 160288 154005 171559 
158487 159672 154524 151747 147923 157752 150760 162056 151031 148508 152766 164429 163725 158869 156686 148111 164978 150318 156370 150198 161304 155492 151179 159457 154425 150115 154659 148989 151858 153985 
155287 166245 163138 152557 150807 155947 155656 163616 162290 152834 160747 161748 158251 163216 158636 152941 158726 162125 159297 163281 154850 162155 151673 156424 154589 151544 151425 148429 156445 152076 
56407 56407 56407 56407 56407 56407 56407 56407 56407 56407 56407 56407 56407 56407 56407 56407 56407 56407 56407 56407 56407 56407 56407 56407 56407 56407 56407 56407 56407 56407 
66210 66055 66179 66139 66071 66207 66030 65980 66120 66283 66125 66040 66197 66190 66286 66260 66147 66088 66112 66143 65999 66063 66257 66222 66240 66090 66040 66109 66039 66071 
70641 70895 70881 70884 70778 70790 70739 70841 70803 70913 70863 70772 70967 70934 70772 70658 70683 70791 70930 70776 70802 70905 70848 70646 70914 70841 70888 70700 71018 70847 
74285 73937 74147 74353 74288 74210 74275 73961 74297 74275 74094 74371 74017 74328 74341 73998 74155 74241 74168 74353 74233 74192 74207 74169 74344 74159 74245 74489 73987 74251 
77145 77165 77067 77022 76970 76845 76784 77104 77157 77149 76883 76842 77145 77145 77028 77096 77378 77047 77104 76888 76875 77037 77042 76757 77101 76811 77237 77316 77156 77155 
79452 79494 79458 79489 79575 79747 79114 79452 79646 79554 79304 79264 79340 79451 79526 79379 79324 79307 79442 79524 79589 79346 79598 79307 79507 79258 79657 79634 79405 79138 
81737 81677 81594 81739 81534 81570 81688 81586 81648 81625 81369 81261 81442 81641 81398 81450 81628 81217 81367 81427 81616 81547 81913 81595 81186 81390 81467 81304 81187 81552 
83513 83182 83570 83562 83743 83302 83111 82883 83559 83396 83487 83548 83696 83742 82901 83359 83652 82908 83513 83828 83322 83257 83830 82968 83906 83565 83435 83698 83816 83265 
85026 85133 84948 84925 85125 84763 85040 85181 85021 85295 85285 84847 84960 85081 85152 85340 85380 85136 85033 85110 85228 84755 85068 84819 84854 84807 84889 84966 84816 85260 
86669 86292 86361 86500 86549 86388 86722 87090 86096 86872 87107 86489 86284 86892 86893 86126 86069 86548 86974 86581 86557 86367 86366 86367 86523 86571 86783 86366 86856 86626 
88184 88039 87865 88116 87905 88050 87539 87600 87904 88006 88187 87673 88322 87787 88580 87898 88377 87859 88215 88263 87996 87867 88106 87884 87979 88351 88185 88346 87663 88010 
89602 89027 89672 89035 89100 89371 89410 89985 89218 88630 89323 89472 88785 90041 89063 89425 89070 89407 89927 89343 89255 89561 88711 89355 89060 89321 89079 89398 89347 89694 
90740 90930 90565 90577 90501 90493 90212 91114 90428 90910 91120 90782 90792 90656 90737 90753 90578 90451 91061 90424 91157 90494 91152 91085 90438 90564 90885 90362 90488 90369 
91352 91746 92301 92228 91002 91855 91960 91726 91603 91499 92293 91452 91710 91726 92100 91669 92424 91785 92354 91740 92238 91212 91503 91569 91684 91666 91802 91805 90716 91846 
92336 92430 93461 92638 92678 92959 92113 93057 92556 92960 93420 93283 92732 92629 93275 92348 92804 92549 92984 92803 93163 92668 92853 92998 92649 92533 93298 92816 92652 92666 
94493 93546 93897 93379 93717 93969 93181 94230 93361 94004 93651 93614 93834 94072 94061 93763 94102 93459 93466 93530 94316 93534 93482 94138 93092 93558 93872 94066 94347 94105 
94884 95163 94748 94835 94761 94954 94543 94422 94824 95142 95470 94672 94769 95400 94700 94614 94941 94882 94711 94536 94737 95135 95093 94539 94492 94516 95280 94832 94915 94811 
95544 95578 95154 96158 95576 95737 95895 95401 95647 95729 95901 95651 95383 95573 95806 95716 96067 95196 95646 95708 95203 95515 95793 95828 95851 95763 95658 95905 95868 95838 
96615 96119 96448 96366 96528 97282 96557 97341 96899 96594 96262 96794 96810 96493 97044 96815 96635 96391 96514 96287 96694 96301 97104 96624 96059 96588 96305 96349 96465 96365 
97047 97237 97644 97874 97337 96879 97248 97993 96741 97078 96809 97293 96951 96821 97440 97391 97151 97739 97587 97649 97435 97790 96957 97552 97729 97449 97249 97718 97655 97409 
97930 97839 98449 97931 98844 97760 97932 97893 98322 98567 98546 98393 97812 98402 97995 98095 98575 98073 97812 98553 98266 98649 97966 98299 98549 98155 98571 98147 98847 97875 
9999 9999 9999 9999 9999 9999 9999 9999 9999 9999 9999 9999 9999 9999 9999 9999 9999 9999 9999 9999 9999 9999 9999 9999 9999 9999 9999 9999 9999 9999 
64967 66575 65930 65398 66478 65098 65290 66236 67230 67217 65669 66663 67773 68210 66535 66093 66664 68146 67212 67529 68667 65787 66868 66236 69799 68242 67109 66655 66799 68262 
72184 71503 71305 71500 71640 71355 71956 71428 71363 71182 71538 71855 71490 71399 71489 71185 71630 71459 71901 71213 71212 71850 71085 71579 71648 71631 71702 71588 70768 71637 
71856 71860 71467 71996 71502 71668 71707 71100 71498 71394 72093 71265 71695 71259 71509 72066 71227 71402 72051 71780 72326 71793 71733 71746 71678 71993 71589 71812 72238 71861 
73857 73749 73497 74371 73664 73792 73901 73443 73881 74124 73080 73282 72856 73558 73522 73321 73382 73811 73511 74717 73640 73459 73302 73898 73822 72672 74014 74445 73589 73670 
77524 77043 76987 76036 77309 76905 75911 77156 75947 76529 77555 76315 76562 76642 77495 76743 76718 76595 75841 75135 76991 76721 77835 76839 76766 76677 77674 77158 76734 77275 
78400 80690 80105 79147 78974 79729 79627 80243 80151 79585 79402 79299 79320 79384 79432 78844 79018 80013 79536 79293 79375 79717 79241 79425 79151 79822 79186 78928 77993 80158 
81874 81030 81361 82191 83445 80881 80654 81357 82885 81674 82296 81585 82069 81565 82029 81475 81658 81148 82015 82194 80992 81412 82186 80766 82500 82629 81503 82993 81750 81749 
82478 84091 84247 83468 83763 83177 83735 83614 83153 83627 83611 83395 83502 83274 82671 83131 83715 83587 82888 83007 84320 83834 83001 82306 83835 84029 83547 84152 82514 82841 
84394 84509 83693 84775 84522 83804 85319 85400 84059 84196 84257 84818 84207 84854 84480 84950 84970 83545 84911 84158 83729 84716 84808 84677 84450 84995 84666 84213 84681 84840 
84623 85318 85433 84771 84017 85354 84781 84450 85557 85079 85174 84891 85211 85289 85189 85483 85544 85502 85141 85370 85516 84913 85370 84975 85314 85233 85330 85474 85984 85353 
85457 86086 85742 85873 85707 85560 85943 85487 85363 85614 86198 85439 85785 85664 84953 85613 86283 85412 85636 85648 85524 85391 85643 85613 85382 85244 85160 85259 85335 85683 
85569 85798 85781 86109 85692 85670 85808 85681 85986 86150 86319 85364 85702 86048 85614 85930 85713 85874 86265 85827 85274 85468 85509 85996 85703 85917 85434 85593 85699 85848 
86080 85976 86076 85497 85413 85830 86189 86253 85880 85168 85869 86074 85999 86016 86223 85948 85907 85905 85793 86075 85557 85861 86032 86124 85723 85843 85896 85958 85848 85995 
86171 85674 86180 86254 85495 86061 86321 86133 85697 86124 85970 85931 86017 86039 86275 86348 85893 86000 85692 86119 86432 85760 86039 85836 86112 85562 86079 86040 85983 85615 
86120 86052 86013 86087 85927 85625 86146 85917 86146 85903 85952 85748 86159 85897 85972 86179 85996 86497 85952 85756 86268 86170 86110 86102 86116 86042 86308 86069 86495 85799 
85836 85924 86323 86132 85877 86274 86075 85871 86112 86625 85947 86150 86389 86145 85916 86216 86254 86319 85999 85888 86247 85922 86260 85781 86212 86369 86139 86147 86084 86254 
86146 86101 86262 86144 86032 86365 86019 86120 86086 86007 86169 86496 86071 86361 86416 86214 86203 86060 86378 85897 86287 86455 86219 86375 86555 85978 86395 86288 86149 86295 
86375 86158 86332 86030 86590 86190 86483 86172 86322 86379 86484 86421 86200 86084 86329 86481 86438 86456 86239 86237 86347 86497 86383 86475 86397 86411 86596 86062 86130 86262 
86363 86308 86192 86534 86516 86057 86615 86533 86679 86450 86329 86527 86550 86213 86549 86365 86468 86417 86417 86457 86145 86372 86360 86456 86117 86418 86503 86361 86403 86586 
86369 86269 86516 86474 86467 86261 86563 86633 86685 86588 86333 86239 86598 86576 86497 86518 86581 86533 86709 86689 86462 86539 86752 86446 86814 86483 86926 86589 86907 86564 
9999 9999 9999 9999 9999 9999 9999 9999 9999 9999 9999 9999 9999 9999 9999 9999 9999 9999 9999 9999 9999 9999 9999 9999 9999 9999 9999 9999 9999 9999 
52783 52718 53028 52116 52773 52944 51741 52328 52928 52653 51817 52100 52493 52430 52297 52963 52748 51974 52528 52448 52441 52255 51884 52256 52151 52644 52189 53067 52365 51903 
62353 63028 63639 63447 63276 62578 62595 63150 63320 63035 63849 63363 63142 63382 62901 63104 62957 62536 63552 63408 62655 63039 62849 63609 63552 62939 62573 62582 63103 62846 
71143 70187 70990 71313 71441 71054 71275 69946 71424 71883 70883 71293 70119 71121 71659 70842 71635 70456 70488 71745 70861 70381 71034 70943 71605 70945 70717 72188 70644 71164 
77834 77473 78097 78423 77714 77376 78005 77968 77599 77875 77566 77289 77506 77826 77675 77715 77524 77155 77988 77430 77641 77229 77276 77216 77809 77213 78688 77996 78078 77951 
83714 84030 83498 82923 84019 84081 83281 83016 84049 83161 83237 82807 84058 83634 83608 82944 82890 83276 83721 83376 83474 82877 83242 83891 83464 83209 85235 82927 83596 83006 
88422 90130 88630 89863 89538 89151 88413 88718 88741 88429 88394 88437 88469 88476 87757 88048 88484 86882 87726 88312 88547 88635 88876 87935 87945 88815 88486 87471 88197 88849 
94862 92272 93252 93595 94103 92427 92986 92353 93740 92603 94121 93153 94059 92971 91849 92486 94889 91628 93080 93875 92425 93119 94101 93365 95413 94313 93230 93529 93563 93127 
97696 97924 97270 97392 98179 96104 97909 97963 96829 97219 98163 97120 96420 98826 98399 97863 97973 96650 97891 96634 96854 96742 97709 96853 97317 97639 97309 97442 96264 97799 
102552 101479 100504 101776 101985 100527 100533 102418 101466 101700 102626 101830 100219 101232 102518 100427 101863 100238 102340 101411 100388 101747 103579 100373 101625 101284 103901 100831 101104 100549 
105664 105617 104184 105511 106243 104457 103707 104618 104220 105130 104210 104725 105391 105845 105443 104542 106418 104553 105057 107268 104528 105193 104563 103676 105794 106800 106291 105329 104630 106123 
108519 109714 108483 108272 109347 108505 108813 109314 107913 107356 108255 108549 108383 109780 107884 109469 108681 108729 108933 108800 108844 108000 107957 108322 108154 108386 109098 108974 110026 107898 
111460 112228 112169 110993 112212 113374 111488 112824 111703 111441 113326 112814 112910 112767 112714 111384 112273 111922 113647 111979 113053 113101 112742 113512 111631 113117 112296 112062 112498 112880 
113468 114767 115773 115665 112969 116051 115957 115147 115555 115064 117111 113953 115114 114144 115338 115136 115609 114996 116144 113977 115588 114148 113988 114252 116231 115693 116404 115384 114280 116027 
116972 117414 118629 118549 118353 117578 117779 119784 117616 117304 118851 117772 118223 117600 118867 116755 118651 118163 119693 117224 118641 116825 117480 118518 117081 119253 119703 118155 117489 118892 
122292 121127 120644 120812 120753 119987 118452 120515 120917 122022 119468 120485 121181 120727 120371 122796 122095 120964 120306 120798 121772 119954 120121 120265 120256 120996 120002 121556 122984 120745 
123486 124497 122593 123237 123009 122537 124483 123105 123165 123560 123373 122972 124110 123853 123557 123261 124817 124798 123288 124069 124109 122772 125279 121651 123725 122283 124562 125564 124036 124108 
125177 126225 126746 126442 126178 125913 125803 127266 125192 127118 126767 125525 125624 125895 126862 126193 126594 125291 125285 126025 123050 125045 127798 126026 126562 126409 127225 124480 124788 127102 
128230 129048 128680 127656 128300 130373 127606 128609 128725 127912 126703 128992 128210 126549 129079 129580 128513 128707 128731 127611 128894 128453 128927 128631 126014 128706 127269 126634 128499 128599 
128881 130782 131119 133210 131524 128522 129273 133127 130697 130823 129811 131223 130649 130145 130418 130388 130622 131983 131434 130947 130719 132071 128713 131403 130733 130795 130724 132532 130740 130660 
131378 132328 133607 131750 133378 133992 133500 133339 133430 132304 132717 136146 132155 133438 131863 134557 133597 133347 132835 132389 132743 132382 133130 132208 133667 133407 134803 131676 134865 130831 
9999 9999 9999 9999 9999 9999 9999 9999 9999 9999 9999 9999 9999 9999 9999 9999 9999 9999 9999 9999 9999 9999 9999 9999 9999 9999 9999 9999 9999 9999 
20284 20218 20286 20256 20181 20380 20185 20207 20162 20357 20264 20146 20282 20266 20467 20313 20284 20316 20143 20346 20271 20261 20231 20330 20392 20268 20156 20268 20179 20180 
25290 25501 25422 25550 25320 25425 25304 25526 25441 25480 25515 25318 25622 25554 25371 25409 25262 25398 25542 25467 25438 25475 25448 25348 25518 25524 25513 25212 25615 25555 
29362 29299 29360 29464 29462 29369 29523 29101 29430 29409 29190 29520 29084 29483 29460 29116 29292 29279 29386 29567 29480 29465 29358 29383 29632 29262 29499 29587 29155 29286 
32915 32752 32792 32766 32624 32550 32732 32812 32823 32947 32669 32545 32706 32696 32733 32884 33180 32697 32727 32803 32627 32820 32854 32469 33043 32551 33090 32928 32783 32795 
35771 35827 35791 35772 35824 35989 35633 35720 35883 35973 35978 35531 35966 35669 35883 35661 35526 35771 35754 35779 36002 35590 36009 35772 35845 35497 36028 36018 35599 35375 
38385 38712 38409 38698 38538 38505 38636 38392 38775 38358 38320 38092 38624 38512 38347 38208 38737 38017 38246 38303 38236 38675 38765 38520 38143 38305 38280 38191 38050 38483 
41230 40769 41026 41072 41320 40841 40657 40202 40993 40856 41145 40936 41136 41167 40557 40887 41203 40339 40898 41294 40729 40765 41216 40673 41360 41021 41005 41178 41196 40547 
42973 43335 42903 42715 43299 42787 43243 43500 43156 43280 43412 42835 43023 43336 43240 43664 43728 43275 43209 43242 43212 42902 43170 42805 43073 42999 42984 43118 42798 43097 
45581 45306 45074 45281 45479 44977 45320 45584 45088 45606 45994 45252 45211 45357 45747 44889 45193 45143 45532 45555 45043 45160 45594 45219 45634 45431 45708 44956 45337 45281 
47519 47154 46965 47422 47409 47486 46501 46934 47167 47405 46965 46962 47932 47223 47626 47466 47553 47188 47792 47818 47289 47075 47492 46989 47319 47733 47709 47630 47131 47715 
49328 49745 49450 48972 48882 49266 49484 49729 49172 48388 49178 49647 49180 49836 49356 49478 49390 49241 49838 49505 49629 49463 48997 49402 49082 49400 49304 49395 49658 49763 
51152 51779 50879 50700 51235 51481 50583 51545 51459 51154 51836 51632 51480 50862 51280 51061 50858 50725 51708 51409 51770 51023 51903 51357 51144 51349 51450 50870 51257 51141 
52750 53153 53431 53037 52148 53136 53300 52829 52574 52548 53561 52531 53044 52817 52956 52785 53829 53273 53295 52903 53374 52344 52638 52870 53114 53061 53048 52697 51651 53579 
54633 54731 55285 54892 54818 54800 54388 55247 54837 54816 55328 54865 54553 54823 54775 53842 54787 54814 54880 54687 55032 54475 55163 54797 54311 54442 55453 54703 54573 55007 
57307 56265 56336 56129 56063 56413 55552 56459 55892 56949 56373 55979 56471 56037 56227 56325 56867 56268 56275 55979 56634 56031 56321 56484 56019 56184 56495 56760 56877 56505 
57808 58397 57675 57691 57888 58345 57883 57623 58017 57893 58380 57874 58040 58232 57727 57516 58314 58587 57625 57747 57820 57525 58609 57519 57875 57952 58457 58244 58287 57957 
59108 59680 59036 60080 59325 59860 59545 59368 59447 59928 59909 59147 59250 59291 59402 59081 60175 58911 59272 59545 58748 59258 59298 59753 60048 59465 59614 59467 59406 59160 
60867 60576 61220 60557 60599 61982 60788 61138 61200 61049 60426 61028 61075 60682 61078 61469 60591 60821 61171 60559 61191 61531 61747 61177 60200 61399 60640 60381 60903 60756 
62183 62328 62725 63411 61995 61809 61989 63391 62205 61904 61620 62285 61970 61820 62180 63003 62126 62845 62534 62626 62556 62886 62280 62393 62557 62333 61945 63212 62531 62646 
63594 63806 64107 63251 64177 63939 63802 63968 64431 64199 63537 64554 63506 64131 63326 64020 64867 63975 63186 63833 63662 63810 64236 63686 64182 63475 64232 63845 64898 63259 
19997 19997 19997 19997 19997 19997 19997 19997 19997 19997 19997 19997 19997 19997 19997 19997 19997 19997 19997 19997 19997 19997 19997 19997 19997 19997 19997 19997 19997 19997 
35810 35647 35859 35782 35985 36012 35576 36057 35727 36085 35535 35796 35964 36044 36229 35904 35884 35800 35796 35895 36002 35708 35882 36124 36086 35914 35695 35867 35896 35649 
42759 43308 43181 43708 43073 43038 43420 43368 43183 43091 43178 43390 43476 43574 43396 43214 42770 43090 43361 43462 43253 42840 43218 43177 43074 43500 43321 42766 43586 43365 
47862 48068 48407 48528 47848 47879 48299 47758 48127 48113 48495 48554 47659 48259 48578 47500 48005 48467 47899 48054 48128 48057 48210 47991 48537 48096 48454 48737 47816 48359 
52515 51970 51678 51746 51947 52073 51923 52081 51777 52102 52093 51836 51814 52163 52231 52182 52448 51901 51920 51758 51877 52238 52141 51988 52199 51712 52353 52384 52169 52093 
55082 55176 55002 54953 55244 55207 54997 55051 55264 55403 55138 54843 55410 55035 55397 55265 54889 54934 55197 55098 55501 55168 55195 55292 55236 55066 55414 55599 54964 54961 
57994 58582 57880 58434 57847 57881 58132 57969 58150 57228 57484 57573 57851 57770 58050 57472 58121 57255 57752 57801 57775 58166 58084 58171 57396 57835 57437 57867 57777 57916 
60484 59753 60339 60486 60353 60104 59971 59713 60094 59983 60843 60314 60334 60441 59672 60018 60295 59659 60402 60302 59836 60043 60536 60115 60598 60650 59838 60319 60473 59996 
62110 62579 62084 62048 62764 61989 62034 62292 62426 62831 62633 62390 61984 62389 62584 62757 62460 61966 62305 62558 62592 62096 62224 61760 61979 61833 62080 62285 62177 62415 
64111 64274 63769 63904 64240 63961 64430 64244 63834 64738 64609 64203 63957 64798 64179 63397 64315 64095 64281 64270 64071 64012 64173 64025 64117 63821 64431 63870 64265 64016 
66289 65591 65673 66034 65912 66130 65198 65437 65714 66216 66232 65364 66447 65925 66326 65893 66112 66216 66435 66204 65664 65820 65510 65256 65977 66147 66094 66132 65684 65781 
67299 68027 67227 67397 67096 67043 67742 67887 67515 66861 67355 67328 67533 67866 67441 67552 67386 67444 67718 67479 67744 67657 67379 67653 67495 67379 67786 67642 67642 67820 
68856 68890 68560 68282 68993 69161 68588 69266 69134 68749 69395 69219 68844 68451 68994 68560 68686 68343 69391 69072 69058 69200 69754 69147 69107 69318 69184 68611 68806 68964 
70282 70346 70575 70292 69458 70300 70800 70018 69798 70086 70958 70072 70093 70355 70527 70383 71172 70118 70579 69923 70336 69771 69852 69902 69922 69675 70510 70185 69013 70921 
71573 71691 71791 71502 71459 71669 71051 71476 71371 71659 72252 71545 71397 71549 71400 71114 71744 71409 71390 71770 71508 71495 71833 71869 71105 71388 72338 71600 71582 71645 
73078 72975 72761 72549 72474 72588 72025 72720 72388 72631 73087 71973 72965 72330 73034 72753 72871 72580 72614 72392 73117 72744 72584 72629 72511 72630 73384 73502 73341 73003 
73713 74001 73640 73757 73820 74079 74213 73205 74392 73526 74081 73825 73801 74395 73854 73544 74124 74348 73825 74018 73794 73396 74314 73385 73580 73954 74255 74042 74049 73800 
74577 75586 74254 75348 75062 75127 74885 74637 75006 75143 75105 74421 74855 74884 74604 74756 75223 74847 74666 74828 74277 75039 74141 75037 75171 74870 74722 74777 74959 74595 
76375 75667 76057 75621 75338 76503 75868 76090 76395 75740 75667 75949 75978 76076 75865 75882 75537 75462 75862 75340 76272 76534 76430 76033 75251 76300 75975 75670 76123 75589 
76460 77290 77356 77615 76721 76484 76588 77495 76731 76550 76268 76775 76757 76377 76831 77241 76680 77455 76316 76977 76782 77535 76504 76735 76775 77312 76383 77150 77013 77039 
77933 77604 77807 77296 77966 77895 77909 77869 78105 77673 77486 78551 77544 78325 77556 77766 78792 78098 77548 77882 77748 78056 77658 77740 78071 77719 77788 77793 77956 77673 
9999 9999 9999 9999 9999 9999 9999 9999 9999 9999 9999 9999 9999 9999 9999 9999 9999 9999 9999 9999 9999 9999 9999 9999 9999 9999 9999 9999 9999 9999 
34459 34251 34438 34391 34163 34649 34361 34220 34344 34512 34454 34314 34379 34240 34595 34496 34473 34624 34294 34568 34407 34469 34386 34691 34385 34494 34288 34329 34052 34216 
39500 39732 39499 39828 39651 39633 39584 39874 39669 39798 39775 39727 39526 39914 39451 39549 39800 39647 39725 39673 39535 39912 39476 39654 40018 39525 39771 39537 39827 40009 
42861 43197 43405 43319 43430 43302 43379 43106 43465 43560 42987 43326 43168 43434 43432 43234 43178 43395 43462 43610 43561 43469 43349 43511 43631 43367 43129 43071 43404 43198 
46335 46364 46144 46404 46082 46035 46054 46166 46250 46364 46339 46150 46301 46087 46294 46431 46412 46206 46250 46176 46148 46128 46423 46135 46377 46025 46680 46438 46092 46281 
48617 48989 48906 48408 48643 48946 48608 48638 48457 48962 48744 48329 48629 48528 48759 48489 48421 48613 48589 48701 48747 48729 48906 48766 48981 48308 48565 48960 48490 48205 
50545 50854 50807 50839 50965 50475 50855 50709 50664 50740 50526 50178 50845 50692 50696 50549 50953 50410 50896 50632 50191 50835 51031 50596 50117 50447 50720 50941 50211 50568 
52801 52458 52404 52664 52745 52477 52251 51970 52678 53029 52992 52370 52434 52637 52149 52663 52639 52036 52415 52749 52544 52411 52574 52138 52745 52718 52727 52762 52864 52056 
53968 54216 54000 53724 54050 53909 53877 54271 53895 54081 54087 53516 54116 53998 54148 54505 54453 53716 54057 54273 53810 53898 54169 53933 53999 54272 53957 53924 53815 53823 
55770 55572 55208 55403 55727 55365 55349 55697 55128 55433 55967 55283 55699 55592 55719 55276 55313 55439 55277 55634 55414 55261 55660 55458 55719 55468 55627 55015 55832 55485 
56931 56728 56369 56713 56826 56873 56063 56682 56542 57023 56559 56727 57125 56594 57077 56752 56709 56779 57238 57019 56621 56566 56972 56561 57049 57105 57007 56721 56676 57008 
58059 58084 58176 57966 57743 57709 58202 58458 57939 57522 57874 58137 58085 58322 58009 57550 57992 57805 58869 58096 58220 58187 57938 57979 58036 58274 57628 58030 58591 58255 
59201 59894 59153 59251 58972 59284 58724 59376 59444 58966 59893 59242 59176 58677 59419 59082 58612 59203 59382 59122 59543 58933 59611 59461 59221 59188 59136 59049 59122 58875 
60498 60224 61017 60624 59429 60257 60574 60084 59887 60022 60559 59913 59945 59937 60181 59947 60878 60556 60574 60592 60429 59797 60419 60280 60310 60320 60470 59879 59191 60492 
61263 61095 61738 61373 60926 61408 61438 61611 61235 61271 61609 61187 61280 61169 61440 60464 61276 61401 61292 61640 61656 61195 61358 61419 61044 60935 61775 61178 61066 61357 
62915 62007 62462 61976 62228 62704 61917 62487 62025 62737 62106 62057 61885 62007 62040 61833 62444 62739 62307 62172 62477 62094 61780 62072 61973 62015 62243 62139 62160 62393 
63147 63118 63015 62819 63366 63636 63303 62784 63203 63169 63510 63062 62849 63208 63005 62859 63335 63436 63193 63230 63125 62770 63358 62844 63128 62889 63723 62959 63307 63160 
64242 64326 63524 64528 64049 63756 64331 63991 64156 64302 64137 63958 63960 63828 63732 63760 64646 63890 63971 64215 63780 63907 63549 63985 64333 63655 64443 64065 64169 63384 
64758 64566 65013 64356 64409 65129 64484 64810 64979 64991 64666 64933 65147 65014 64623 64898 64486 64703 64927 64600 64752 65529 65228 65077 64355 64603 64620 64414 64550 64266 
65395 65616 65787 65767 65501 65251 65021 66100 65455 65121 65107 65299 65171 65252 65274 65524 65098 65452 65917 65632 65707 65712 65674 65241 65792 65311 65434 65485 65509 65706 
66202 66194 66247 65623 66624 66299 66186 66489 66144 66624 66020 66390 66019 66225 65841 66102 66862 66462 66288 66318 66219 66472 66259 66275 66472 66071 66339 66554 66673 66407 
9999 9999 9999 9999 9999 9999 9999 9999 9999 9999 9999 9999 9999 9999 9999 9999 9999 9999 9999 9999 9999 9999 9999 9999 9999 9999 9999 9999 9999 9999 
33838 33766 33824 33868 33780 33938 33872 33833 33841 33894 33882 33860 33947 33942 33921 33959 33877 33814 33795 33826 33878 33820 33865 33850 33889 33844 33741 33898 33761 33847 
36213 36310 36253 36295 36284 36190 36212 36314 36243 36283 36310 36206 36222 36322 36269 36241 36187 36274 36304 36247 36223 36224 36246 36232 36249 36291 36298 36190 36294 36287 
38562 38650 38613 38661 38669 38542 38699 38443 38669 38600 38569 38693 38497 38696 38737 38444 38554 38546 38599 38686 38687 38592 38612 38615 38791 38562 38666 38752 38446 38589 
40020 39973 40020 40012 39979 39985 39983 40008 40020 40122 39994 39959 39950 39962 39952 40017 40189 40017 40017 40086 39953 40044 40000 39921 40114 39953 40091 40052 40081 40009 
40929 41013 40944 40869 41000 40943 40876 40907 40977 41001 40942 40907 41028 40937 41004 40942 40863 40966 40880 40921 40985 40880 40965 40958 40997 40883 40968 41070 40910 40788 
41622 41660 41530 41705 41624 41640 41706 41673 41742 41587 41518 41575 41697 41652 41598 41597 41614 41463 41641 41602 41566 41606 41620 41557 41595 41598 41519 41476 41506 41617 
42206 42166 42204 42207 42233 42144 42098 42055 42178 42039 42238 42188 42267 42139 42111 42164 42288 42009 42164 42271 42173 42088 42170 42081 42221 42160 42209 42165 42182 42108 
42625 42727 42538 42559 42706 42526 42713 42736 42659 42638 42695 42559 42600 42688 42643 42699 42704 42649 42633 42669 42658 42549 42611 42583 42603 42667 42632 42689 42572 42694 
43168 43090 43041 43087 43162 43086 43101 43181 43106 43209 43237 43094 43136 43170 43205 43068 43050 43026 43236 43116 43055 43149 43091 43083 43155 43110 43254 42977 43048 43100 
43527 43535 43384 43489 43495 43519 43434 43388 43440 43488 43446 43453 43681 43431 43517 43556 43559 43520 43636 43635 43452 43518 43520 43372 43489 43598 43581 43537 43512 43683 
43922 44057 43917 43839 43783 43919 43919 43963 43824 43738 43869 43916 43911 44017 43901 43986 43925 43907 44001 43965 43993 43886 43860 43918 43817 43835 43912 43978 43990 43999 
44293 44361 44276 44163 44350 44368 44168 44355 44346 44303 44448 44350 44394 44262 44320 44258 44186 44202 44385 44227 44357 44235 44444 44355 44299 44355 44341 44225 44350 44341 
44559 44656 44652 44671 44488 44748 44710 44589 44649 44605 44814 44559 44657 44550 44671 44604 44800 44701 44705 44546 44747 44463 44550 44647 44744 44690 44659 44638 44448 44777 
44941 45034 45028 45094 45073 44971 44922 45142 44970 44999 45131 44986 44995 45036 44997 44770 44912 45013 45057 44953 45057 45002 45049 45024 44886 44986 45196 45014 44982 45059 
45478 45342 45336 45289 45246 45244 45143 45341 45227 45407 45274 45269 45327 45224 45280 45367 45533 45304 45323 45237 45392 45232 45356 45364 45228 45291 45399 45385 45471 45344 
45597 45722 45603 45506 45593 45673 45596 45570 45625 45575 45741 45617 45643 45742 45589 45612 45738 45827 45646 45600 45629 45537 45786 45583 45699 45632 45771 45727 45680 45640 
45790 45965 45836 46066 45860 46048 45957 45915 45901 46056 46042 45905 45836 45922 45967 45852 46102 45839 45909 45997 45819 45926 45909 45995 46064 45987 45916 45924 45907 45954 
46207 46250 46243 46145 46194 46441 46202 46277 46238 46184 46055 46205 46217 46134 46304 46323 46166 46184 46383 46184 46336 46332 46388 46285 46058 46331 46075 46153 46233 46231 
46479 46494 46584 46794 46430 46444 46521 46673 46458 46449 46420 46531 46440 46448 46473 46632 46466 46669 46546 46593 46508 46657 46468 46476 46584 46574 46441 46695 46540 46540 
46739 46855 46872 46717 46876 46806 46809 46812 47016 46880 46779 46935 46747 46848 46681 46844 47006 46873 46669 46885 46735 46808 46934 46791 46907 46787 46915 46751 47060 46656 
9999 9999 9999 9999 9999 9999 9999 9999 9999 9999 9999 9999 9999 9999 9999 9999 9999 9999 9999 9999 9999 9999 9999 9999 9999 9999 9999 9999 9999 9999 
27293 26964 26946 26839 26723 27229 26583 27258 26981 27282 26798 26809 26844 27330 27765 27199 27082 26940 26805 27479 27061 26579 26942 27095 27290 27142 26569 27271 26726 26994 
38378 38539 38565 39232 38459 38310 38350 39167 38411 38756 38714 38867 38818 38841 38425 38036 38112 38512 38702 38937 38805 38646 38237 38091 38652 38764 38444 37789 39227 38827 
45993 45274 45193 45384 45265 45594 45769 44798 45559 44857 45582 45777 44769 45527 45776 44679 45569 46077 45035 45554 45773 45581 45446 45352 45982 45610 46123 46564 44766 45550 
50352 50067 50369 50032 50126 49618 50360 50935 49746 50230 49757 49716 49908 49900 50160 50069 50359 49632 50564 50128 49782 50258 50169 49694 49857 50206 50024 50370 50156 50551 
53527 53619 53291 53961 53620 53535 53113 53092 54069 53921 53904 52790 53443 53731 53551 53038 53824 53674 53569 53770 53636 52980 53530 53203 53066 53440 54020 53348 53389 53328 
56410 56434 56425 56117 55822 56245 56830 55499 56448 56270 56411 55987 56104 56431 55892 55912 56266 55726 55277 55676 56238 56158 56889 56987 56146 55888 56025 55799 55953 56404 
58588 58136 59107 58937 58871 58453 58096 57877 57966 58371 58469 58483 59137 59257 58062 57809 58378 57880 58407 58549 57813 58693 59092 58280 59586 58124 58293 58808 58506 57881 
60255 60182 60175 60163 60546 59872 59628 60103 60451 60065 60072 60421 59935 60098 60544 60235 60722 60539 60556 59566 60232 60223 60351 59782 60295 59498 59551 59978 59722 59796 
61586 62021 61591 61288 61461 60864 61786 61479 61453 61743 61572 61486 61207 61607 61939 61171 62130 61738 61805 62048 61758 61700 61990 61325 61660 61615 61945 61524 61684 61737 
63043 62928 62985 63617 63460 63298 62597 63042 63085 63091 62677 62145 63900 63279 63187 63174 63552 62558 63239 63493 62492 62574 62683 63409 62911 63094 62804 63488 62864 63009 
64138 64520 64345 64042 64112 64383 64221 64477 64121 63530 64514 64382 63621 64817 64518 65275 64628 64310 64272 64642 64618 64065 63310 64725 64175 64382 64406 64440 64007 64238 
65828 65512 65037 64893 65111 65664 64839 65561 65890 65659 65584 65846 65501 65444 65077 65297 65211 64907 65600 65669 65545 65285 65844 64959 65328 64718 66087 64735 65222 65507 
65821 66340 66546 65622 66099 66383 66361 66424 66221 66159 66834 65696 66515 66445 66709 66854 65826 66174 66188 66187 66966 66194 65851 66133 66181 66465 66031 65468 65534 66488 
67357 66736 67675 66508 67411 67562 66421 67301 67034 67405 67132 67113 66297 66677 67234 67581 67637 67421 66822 66768 67430 66746 67651 67100 66993 67185 67516 67127 67230 67094 
68382 67784 67929 67942 67433 67498 67629 67949 67762 68511 67871 67390 68636 67896 67682 67997 67690 67706 67558 67791 67856 67571 68042 68205 67841 67973 68118 68600 68380 67535 
68643 68896 68213 68237 68327 68761 68742 68256 68999 68423 68541 68676 68945 68286 68573 68296 68889 68378 67737 67862 68444 68544 69262 67945 68393 69030 68316 68730 68249 69151 
68874 68858 69119 69792 69053 69476 69385 68442 68781 69516 69262 68046 69843 69658 68733 68759 68948 68978 69264 68947 68395 68940 69171 69162 69222 69373 69463 68459 68892 69860 
69955 69358 69900 70051 69469 70911 69678 69942 69899 69634 69516 69809 69418 69938 70035 70211 69639 69723 69740 69914 69559 69591 69751 69302 69686 70090 69924 69401 70305 70092 
70215 70354 70786 70971 70119 69845 70560 71050 70048 69827 69749 70244 70223 70206 70340 71037 70470 70958 70286 70201 70112 70406 70079 71061 70428 71027 70571 70950 70054 70822 
70739 70657 71311 70887 71378 71274 71242 71062 71752 71095 70804 71120 71293 71197 70802 71234 71223 71016 70619 71109 70715 70791 71167 70354 70747 70571 71155 71055 71219 70552 
