MergeSort QuickSort TimSort OESM Cook_Kim InsertionSort LIS BothAlgo2 TwoMomentSort DDS 
10 21 10
5044 5044 5044 5044 5044 5044 5044 5044 5044 5044 
5273 5277 5266 5288 5290 5265 5288 5291 5283 5269 
5404 5420 5422 5389 5401 5403 5378 5390 5398 5410 
5489 5471 5542 5450 5494 5495 5503 5511 5479 5520 
5567 5552 5593 5540 5532 5575 5571 5579 5567 5585 
5640 5636 5641 5609 5658 5652 5609 5616 5641 5607 
5659 5676 5664 5674 5684 5667 5654 5653 5679 5624 
5725 5702 5732 5730 5720 5703 5738 5719 5718 5682 
5769 5788 5768 5701 5744 5769 5754 5751 5790 5740 
5805 5796 5766 5779 5777 5804 5792 5783 5820 5785 
5828 5821 5822 5831 5824 5814 5809 5834 5799 5841 
5830 5859 5921 5834 5851 5840 5851 5876 5859 5896 
5889 5874 5867 5884 5893 5903 5845 5850 5890 5920 
5956 5900 5899 5903 5904 5858 5919 5915 5867 5892 
5942 5920 5964 5928 5934 5891 5918 5947 5919 5934 
5995 5937 5907 5937 5962 5959 5982 5946 5976 5963 
5972 5987 5959 5931 5954 5946 5997 6021 5975 6000 
5963 5953 6003 6011 5956 5969 5988 6008 5999 6035 
6021 5992 6014 6024 6000 5987 6008 6008 6014 6041 
6000 6042 6028 6058 6039 6011 6010 6054 6068 6012 
6034 6040 6065 6109 6039 6058 6044 6038 6024 5998 
11466 10352 11629 11043 10232 10527 10339 10153 10934 10118 
10773 11085 11164 10317 10477 10080 10661 11002 11875 10818 
10320 11379 11284 11101 10931 12324 11583 10089 11452 10374 
10026 10356 11174 11785 10916 10609 10332 10459 10992 10241 
11498 10296 12406 10951 10168 10942 11173 11901 10747 10458 
11303 11385 11404 11002 11207 11377 10415 10425 12316 10894 
11097 10805 10904 10771 11730 11115 10031 10596 10593 12270 
11439 11199 11091 10823 11135 12345 9959 11206 11052 12333 
10397 10461 10819 10235 12491 10304 11262 12341 10628 10664 
10094 11127 10271 11637 10283 10133 10661 12811 12398 11455 
10632 11532 10071 10584 11722 10143 12714 11448 11929 10480 
11261 10983 10986 10206 10582 11006 10374 10964 11582 11319 
11386 11333 10280 10635 12661 11465 10191 10362 11945 10808 
9622 11585 10844 11498 11837 10278 11513 10675 10137 11706 
11748 10931 10868 10060 11184 11083 11513 10962 10324 10914 
10990 11332 10727 10170 10979 11235 10984 10756 10308 11144 
10803 11905 9810 10969 10135 10383 11195 11191 11139 10241 
11699 10771 9940 11344 10837 11563 10289 11218 10079 10983 
10902 10746 12314 10667 11349 10281 10225 10899 10580 10339 
11263 11300 11297 10315 9812 13118 10824 11117 11873 10293 
10944 11250 10923 10680 11598 11146 10711 12493 11879 11153 
3528 3528 3528 3528 3528 3528 3528 3528 3528 3528 
3982 3989 4004 3992 3967 3971 3971 3989 4003 3968 
4268 4267 4288 4252 4224 4253 4217 4242 4258 4250 
4448 4419 4480 4412 4478 4503 4470 4470 4487 4453 
4597 4639 4687 4602 4595 4616 4608 4694 4689 4652 
4769 4788 4783 4786 4867 4813 4748 4794 4819 4783 
4889 4855 4917 4907 4961 4862 4918 4822 4905 4901 
5063 5014 5062 4981 5044 4998 5090 4978 5052 4986 
5150 5157 5153 5105 5211 5114 5112 5139 5236 5235 
5334 5253 5222 5324 5166 5254 5314 5281 5211 5186 
5372 5348 5333 5347 5403 5346 5288 5349 5367 5293 
5442 5410 5504 5520 5344 5451 5375 5454 5474 5477 
5574 5477 5484 5561 5545 5470 5533 5533 5507 5529 
5583 5577 5598 5646 5551 5536 5454 5518 5562 5634 
5698 5634 5743 5622 5660 5687 5620 5744 5716 5738 
5770 5745 5676 5748 5734 5782 5843 5708 5805 5701 
5811 5768 5781 5738 5756 5722 5850 5858 5845 5799 
5812 5824 5874 5916 5887 5903 5972 5917 5892 6005 
6043 5902 6003 5880 5934 5850 5973 5843 6003 5857 
5843 6000 5906 6012 5939 6037 6049 5968 5923 6090 
6003 6106 6003 6025 5944 6093 5934 6023 6060 5945 
999 999 999 999 999 999 999 999 999 999 
5228 5267 5155 4778 5214 5343 5212 5283 4666 4905 
5633 5604 5578 5693 5532 5551 5642 5623 5639 5415 
5866 5706 5615 5658 5720 5661 5814 5747 5702 5697 
5604 5749 5743 5762 5849 5776 5675 5894 5867 5778 
6091 5918 6017 5973 5963 6025 5846 6026 5984 5918 
5946 5957 6108 6045 6192 6134 6107 5997 6095 6219 
6150 6188 6273 6212 6321 6397 6244 6188 6285 6096 
6405 6499 6648 6280 6472 6266 6347 6426 6455 6539 
6506 6511 6622 6391 6368 6650 6569 6578 6733 6532 
6644 6603 6639 6735 6492 6638 6395 6610 6679 6531 
6651 6566 6659 6674 6529 6752 6570 6694 6822 6738 
6762 6684 6608 6726 6817 6717 6693 6706 6679 6715 
6803 6814 6632 6668 6697 6724 6856 6694 6645 6870 
6691 6734 6744 6804 6843 6845 6758 6790 6861 6861 
6817 6819 6882 6796 6771 6867 6824 6824 6808 6824 
6800 6816 6760 6839 6849 6828 6823 6871 6875 6942 
6886 6946 6792 6831 6979 6828 6888 6932 6841 6949 
6887 6842 6905 6819 6920 6924 6880 6828 6781 6826 
6829 6836 6951 6963 6951 6889 6945 6846 6921 6795 
6896 6885 6879 6886 6911 6912 6890 6877 6896 6848 
999 999 999 999 999 999 999 999 999 999 
4019 4067 3945 3986 4118 4073 3810 4055 3845 4010 
4624 4523 4637 4520 4474 4670 4423 4674 4663 4468 
5209 5060 5106 4895 4935 5146 5008 5132 4921 5190 
5385 5445 5492 5504 5443 5334 5479 5661 5450 5632 
5710 5747 5678 5844 6077 5920 5648 5814 5658 5738 
6062 6096 5987 5976 6127 5952 6107 5837 5967 6066 
6322 6138 6370 6072 6409 6066 6409 6316 6469 6182 
6775 6677 6589 6278 6588 6597 6614 6538 6668 6734 
6611 6927 6516 7027 6667 6858 6958 6634 6687 6615 
7127 7061 7066 7394 7143 6915 6986 7099 6940 7006 
6976 7187 7387 7408 7154 7265 6933 6945 7153 7561 
7303 7187 7451 7549 7484 7491 7621 7369 7437 7370 
7516 7468 7391 7672 7294 7257 7510 7360 7559 7730 
7746 7697 7916 7577 7892 7852 7709 7558 7862 7638 
7804 7770 8056 7731 7903 7960 7999 7747 8028 7781 
8011 8076 7950 8027 8034 7684 7856 8243 7896 8039 
8074 7925 8369 7885 8383 8181 8243 8470 8234 8300 
8086 8326 8307 8403 8061 8253 8137 8102 8392 7989 
8354 8356 8523 8348 8410 8538 8634 8521 8272 8881 
8642 8724 8627 8413 8286 8521 8526 8459 8774 8286 
999 999 999 999 999 999 999 999 999 999 
1470 1489 1493 1479 1470 1456 1459 1474 1483 1468 
1773 1755 1788 1745 1748 1729 1729 1743 1749 1737 
2001 1937 1965 1927 1950 2024 1989 1984 1994 1990 
2125 2117 2204 2130 2119 2172 2143 2233 2219 2205 
2320 2359 2308 2330 2436 2387 2295 2329 2341 2335 
2463 2441 2488 2430 2512 2430 2468 2370 2475 2463 
2641 2594 2664 2549 2631 2587 2677 2619 2635 2532 
2719 2782 2773 2671 2796 2714 2734 2686 2833 2802 
2895 2863 2812 2950 2773 2869 2905 2871 2842 2777 
3025 2996 2977 2989 3025 2958 2891 2971 2976 2936 
3063 3095 3144 3133 3033 3086 3060 3084 3126 3121 
3222 3128 3219 3225 3196 3157 3250 3157 3189 3190 
3310 3260 3233 3323 3223 3187 3163 3217 3283 3328 
3367 3346 3491 3294 3387 3386 3398 3420 3389 3451 
3501 3466 3420 3411 3443 3500 3556 3428 3515 3404 
3587 3595 3482 3468 3511 3432 3590 3651 3624 3559 
3593 3589 3596 3655 3619 3628 3742 3640 3691 3719 
3707 3671 3734 3651 3682 3661 3741 3573 3832 3656 
3630 3859 3749 3829 3752 3804 3814 3802 3776 3948 
3846 3961 3863 3873 3770 3879 3850 3849 3892 3765 
1997 1997 1997 1997 1997 1997 1997 1997 1997 1997 
2711 2688 2664 2711 2736 2683 2670 2682 2673 2682 
3108 3171 3200 3127 3076 3123 3098 3160 3117 3137 
3510 3517 3514 3494 3456 3513 3594 3603 3530 3579 
3741 3783 3858 3760 3664 3764 3778 3896 3967 3792 
4020 4119 3896 4039 4226 4044 4000 4087 4054 4041 
4242 4162 4210 4153 4224 4166 4205 4082 4275 4144 
4442 4398 4507 4396 4380 4330 4479 4409 4338 4339 
4603 4545 4596 4538 4636 4573 4582 4468 4648 4559 
4693 4785 4719 4793 4595 4652 4801 4692 4673 4617 
4909 4928 4906 4857 4993 4759 4759 4840 4805 4778 
4862 4993 5164 5062 4813 5000 4867 4918 5027 5009 
5023 5077 5227 5279 5097 5129 5129 4998 5062 5009 
5279 5184 5171 5204 5173 5204 5114 5144 5215 5215 
5265 5290 5468 5247 5435 5320 5383 5269 5268 5289 
5415 5392 5307 5335 5481 5404 5480 5308 5376 5360 
5445 5505 5311 5378 5522 5272 5540 5562 5494 5393 
5518 5498 5561 5559 5600 5524 5610 5551 5573 5616 
5654 5546 5652 5670 5590 5668 5669 5603 5716 5696 
5620 5589 5685 5793 5867 5727 5690 5697 5720 5826 
5793 5863 5734 5791 5784 5794 5704 5718 5814 5641 
999 999 999 999 999 999 999 999 999 999 
2788 2747 2809 2750 2778 2719 2753 2805 2777 2753 
3181 3150 3246 3080 3144 3137 3059 3045 3158 3147 
3426 3289 3441 3332 3381 3418 3376 3392 3444 3347 
3484 3608 3647 3543 3540 3669 3611 3675 3664 3644 
3760 3710 3734 3749 3833 3826 3744 3739 3812 3782 
3881 3866 3898 3922 3876 3835 3908 3809 3947 3765 
4070 4024 4009 3967 4028 4113 4089 3977 4009 3968 
4178 4200 4118 4076 4226 4039 4137 4094 4260 4250 
4348 4270 4166 4322 4194 4326 4356 4227 4320 4211 
4427 4400 4494 4301 4434 4386 4193 4389 4437 4340 
4462 4538 4572 4475 4506 4319 4472 4465 4488 4505 
4640 4497 4457 4498 4591 4480 4520 4473 4624 4590 
4636 4646 4614 4704 4638 4553 4528 4437 4588 4580 
4697 4702 4768 4613 4760 4656 4724 4760 4669 4762 
4834 4758 4688 4692 4815 4724 4847 4700 4781 4735 
4813 4736 4805 4795 4751 4683 4963 4913 4833 4879 
4853 4809 4841 4939 4875 4924 4987 4976 4968 4955 
4984 4974 4873 4901 4909 4937 5043 4817 5057 4980 
4886 5018 5033 5040 4995 4966 5035 5046 4989 5154 
5073 5125 5097 5117 5042 5076 5025 5020 5125 4930 
999 999 999 999 999 999 999 999 999 999 
3016 3011 3021 3010 3007 3004 3002 3006 3016 3017 
3203 3172 3180 3186 3128 3158 3146 3155 3162 3149 
3339 3298 3355 3330 3349 3359 3334 3361 3369 3355 
3406 3457 3466 3447 3418 3447 3425 3501 3491 3454 
3539 3527 3516 3529 3585 3558 3518 3535 3536 3534 
3587 3592 3586 3582 3581 3570 3603 3525 3589 3552 
3654 3638 3646 3620 3642 3630 3675 3622 3626 3618 
3725 3765 3745 3666 3770 3714 3690 3679 3762 3767 
3840 3795 3790 3854 3753 3811 3834 3796 3790 3769 
3891 3881 3877 3892 3888 3889 3819 3864 3866 3832 
3930 3894 3945 3937 3898 3927 3891 3901 3928 3931 
3963 3938 3959 3972 3946 3939 3954 3931 3960 3943 
3986 3993 3979 4023 3977 3958 3935 3963 3986 4019 
4013 4016 4049 4000 4031 4030 4017 4007 4024 4021 
4041 4049 4039 4034 4047 4026 4059 4051 4039 4028 
4066 4067 4043 4053 4072 4037 4084 4080 4103 4056 
4070 4074 4082 4069 4097 4088 4102 4091 4102 4085 
4103 4112 4113 4103 4106 4110 4114 4080 4124 4106 
4083 4157 4137 4146 4135 4144 4128 4149 4118 4177 
4127 4198 4162 4162 4118 4145 4154 4139 4165 4142 
999 999 999 999 999 999 999 999 999 999 
1293 1308 1322 1302 1295 1283 1232 1322 1316 1276 
1785 1775 1834 1741 1729 1761 1770 1806 1803 1749 
2228 2209 2187 2113 2142 2244 2231 2263 2262 2232 
2491 2407 2632 2475 2496 2480 2498 2602 2618 2556 
2862 2923 2773 2779 3159 3002 2757 2851 2766 2786 
3143 3013 2933 2920 3195 3034 3023 3068 3068 3055 
3424 3235 3492 3147 3339 3166 3324 3261 3293 3287 
3364 3380 3529 3407 3516 3464 3442 3402 3477 3418 
3599 3603 3517 3677 3525 3649 3637 3542 3487 3564 
3724 3732 3551 3739 3785 3671 3741 3677 3609 3716 
3833 3871 3958 3875 3765 4038 3819 3869 3919 3921 
3927 3866 4045 4027 3948 3989 4024 3932 3981 3900 
4007 3979 3849 4152 4029 4091 3933 4101 4036 4116 
4267 4086 4293 4100 4110 4111 4186 4155 4265 4252 
4267 4230 4086 4231 4125 4219 4177 4154 4296 4192 
4414 4455 4251 4209 4293 4177 4321 4333 4340 4360 
4319 4298 4361 4399 4233 4275 4439 4429 4390 4589 
4482 4371 4429 4402 4467 4312 4440 4284 4523 4373 
4327 4564 4457 4558 4473 4593 4551 4496 4464 4412 
4586 4642 4535 4588 4384 4637 4544 4635 4508 4526 
