MergeSort QuickSort TimSort OESM Cook_Kim InsertionSort LIS BothAlgo2 TwoMomentSort DDS 
10 21 1
5044 
5274 
5409 
5517 
5569 
5646 
5668 
5697 
5770 
5785 
5802 
5845 
5864 
5889 
5922 
5942 
5971 
5958 
6006 
6071 
6043 
11466 
10778 
11024 
11398 
10905 
10634 
11207 
11198 
10670 
9876 
10922 
11589 
10333 
10581 
9774 
10244 
10564 
12167 
10188 
10651 
10474 
3528 
3974 
4269 
4526 
4673 
4806 
4889 
4956 
5174 
5218 
5247 
5468 
5574 
5544 
5624 
5854 
5781 
5857 
5965 
5976 
6044 
999 
5594 
5647 
5643 
5769 
6070 
6100 
6202 
6459 
6461 
6633 
6560 
6669 
6790 
6828 
6765 
6979 
6824 
6907 
6835 
6962 
999 
4011 
4710 
5211 
5811 
5685 
6099 
6116 
6819 
6706 
6791 
7159 
7545 
7103 
7655 
8051 
8013 
8234 
8404 
8349 
8689 
999 
1464 
1753 
2059 
2246 
2370 
2478 
2549 
2765 
2883 
2879 
3101 
3253 
3195 
3357 
3540 
3538 
3604 
3772 
3781 
3827 
1997 
2693 
3246 
3536 
3906 
4138 
4233 
4317 
4757 
4674 
4683 
4991 
5239 
5150 
5309 
5587 
5513 
5585 
5705 
5747 
5804 
999 
2752 
3119 
3468 
3573 
3860 
3881 
3921 
4095 
4337 
4259 
4559 
4525 
4526 
4722 
4771 
4808 
4797 
4972 
4982 
5171 
999 
3005 
3183 
3399 
3473 
3545 
3576 
3601 
3736 
3794 
3810 
3922 
3974 
3947 
3991 
4056 
4058 
4084 
4136 
4122 
4140 
999 
1287 
1785 
2302 
2728 
2833 
3077 
3226 
3543 
3731 
3623 
3787 
4145 
4035 
4151 
4269 
4307 
4369 
4552 
4603 
4432 
